1 // server
5 // machine
50 // customer

 //p, q, a
6 7 0 //M0
5 6 0 //M1
7 7 0 //M2
4 9 0 //M3
3 4 0 //M4

 M0  M1  M2  M3  M4 
0 5 9 9 5  //C0
6 1 4 7 6  //C1
5 1 2 6 6  //C2
3 9 0 1 3  //C3
1 8 3 4 0  //C4
0 2 9 8 3  //C5
4 2 1 8 8  //C6
1 8 4 3 0  //C7
7 5 2 1 4  //C8
4 4 8 8 3  //C9
7 3 7 9 0  //C10
1 2 5 8 5  //C11
4 2 6 4 1  //C12
3 0 4 8 5  //C13
4 4 6 1 6  //C14
6 6 2 9 6  //C15
5 4 0 4 5  //C16
1 5 2 7 6  //C17
9 3 6 8 6  //C18
4 8 8 9 1  //C19
3 0 9 3 9  //C20
3 6 5 2 3  //C21
5 9 5 2 9  //C22
0 2 2 8 0  //C23
8 8 6 2 6  //C24
0 8 8 5 2  //C25
8 7 2 8 2  //C26
5 4 7 4 2  //C27
4 9 9 4 0  //C28
9 7 3 9 6  //C29
2 5 9 8 3  //C30
5 4 7 6 8  //C31
4 8 0 0 5  //C32
7 6 7 9 4  //C33
5 4 8 6 6  //C34
8 8 1 1 7  //C35
3 4 8 8 9  //C36
3 8 4 4 6  //C37
0 7 0 5 8  //C38
6 8 9 9 2  //C39
2 9 3 5 0  //C40
7 7 2 2 4  //C41
7 2 5 9 5  //C42
9 9 1 0 1  //C43
9 2 3 3 3  //C44
8 4 2 8 0  //C45
0 8 2 8 5  //C46
3 1 3 8 2  //C47
5 5 1 0 9  //C48
8 1 1 9 8  //C49
