1 // server
5 // machine
100 // customer

 //p, q, a
2 3 0 //M0
9 6 0 //M1
5 8 0 //M2
8 8 0 //M3
9 5 0 //M4

 M0  M1  M2  M3  M4 
9 8 9 5 9  //C0
4 3 2 5 8  //C1
1 8 5 0 4  //C2
6 5 3 8 4  //C3
1 0 6 4 3  //C4
9 1 3 8 4  //C5
6 5 2 7 3  //C6
3 2 8 3 2  //C7
9 8 9 8 6  //C8
3 6 9 1 7  //C9
2 4 0 4 3  //C10
9 2 5 1 0  //C11
2 9 3 0 2  //C12
5 5 8 6 0  //C13
3 6 0 5 5  //C14
2 0 7 8 9  //C15
3 2 2 1 1  //C16
1 5 7 3 4  //C17
1 7 6 3 9  //C18
0 5 8 6 1  //C19
8 7 2 0 3  //C20
6 4 4 9 0  //C21
8 4 7 2 7  //C22
0 6 2 8 0  //C23
9 8 4 1 9  //C24
6 9 6 6 4  //C25
7 2 1 6 1  //C26
5 9 1 7 5  //C27
6 1 8 3 6  //C28
7 0 4 6 9  //C29
3 3 9 5 1  //C30
9 2 1 1 7  //C31
6 8 7 4 3  //C32
5 3 0 0 1  //C33
0 4 4 3 3  //C34
7 9 1 5 1  //C35
5 4 9 7 0  //C36
3 2 5 5 1  //C37
2 8 0 0 8  //C38
8 4 4 9 0  //C39
4 0 4 5 8  //C40
9 9 6 2 3  //C41
0 1 5 9 1  //C42
2 8 0 3 9  //C43
3 7 4 8 8  //C44
2 4 4 4 5  //C45
3 5 1 5 7  //C46
5 9 4 8 1  //C47
4 6 3 1 1  //C48
1 2 1 8 6  //C49
9 3 0 0 7  //C50
6 5 6 6 6  //C51
4 4 1 6 9  //C52
4 9 0 1 6  //C53
2 3 1 1 5  //C54
6 4 3 6 6  //C55
9 3 6 7 5  //C56
9 5 1 8 1  //C57
9 3 8 1 6  //C58
0 4 6 1 7  //C59
2 1 9 1 4  //C60
5 2 8 5 0  //C61
1 2 9 9 7  //C62
1 8 4 1 9  //C63
9 7 2 0 6  //C64
8 5 9 4 4  //C65
1 8 1 9 4  //C66
7 3 4 3 9  //C67
7 6 6 7 0  //C68
7 4 8 4 5  //C69
2 0 5 1 7  //C70
4 9 8 5 5  //C71
0 2 3 0 9  //C72
3 1 9 5 9  //C73
7 3 0 1 2  //C74
2 1 5 9 9  //C75
3 6 5 9 2  //C76
1 2 9 2 9  //C77
8 5 9 7 9  //C78
5 2 5 8 7  //C79
6 4 3 4 7  //C80
8 9 4 9 4  //C81
2 4 8 5 1  //C82
3 7 4 7 7  //C83
0 1 7 5 1  //C84
2 3 3 2 7  //C85
0 5 6 2 2  //C86
9 2 0 2 4  //C87
1 8 9 7 7  //C88
3 6 3 5 5  //C89
7 8 8 0 6  //C90
4 7 8 3 4  //C91
4 6 1 2 4  //C92
6 7 6 3 2  //C93
0 6 1 3 6  //C94
1 2 9 7 8  //C95
6 0 7 7 9  //C96
1 7 6 5 7  //C97
1 4 7 7 9  //C98
4 7 7 3 0  //C99
