1 // server
4 // machine
200 // customer

 //p, q, a
9 7 0 //M0
8 2 0 //M1
6 9 0 //M2
4 2 0 //M3

 M0  M1  M2  M3 
3 8 1 9  //C0
0 2 5 2  //C1
4 1 9 3  //C2
6 6 2 1  //C3
7 7 1 7  //C4
5 8 1 8  //C5
2 8 6 0  //C6
9 1 6 9  //C7
4 4 7 3  //C8
1 4 9 8  //C9
2 0 6 8  //C10
8 3 9 3  //C11
4 6 2 8  //C12
7 6 5 4  //C13
7 3 6 2  //C14
5 4 3 2  //C15
5 0 9 2  //C16
9 9 0 2  //C17
7 3 4 5  //C18
2 3 0 8  //C19
9 3 6 2  //C20
8 8 2 7  //C21
8 3 6 8  //C22
8 7 2 8  //C23
6 4 2 8  //C24
4 7 3 4  //C25
5 9 0 3  //C26
1 0 2 3  //C27
3 7 3 1  //C28
8 0 3 7  //C29
8 1 3 5  //C30
2 2 4 0  //C31
0 6 8 7  //C32
0 1 4 1  //C33
9 1 7 9  //C34
7 8 6 8  //C35
0 2 5 0  //C36
4 1 9 6  //C37
0 5 0 2  //C38
3 7 2 3  //C39
5 0 3 4  //C40
1 4 3 1  //C41
3 1 2 7  //C42
3 4 9 9  //C43
5 5 5 0  //C44
7 3 5 9  //C45
7 2 7 4  //C46
1 1 7 1  //C47
9 3 3 7  //C48
5 1 6 5  //C49
9 3 7 3  //C50
8 2 2 6  //C51
6 0 7 8  //C52
2 1 6 1  //C53
4 3 7 9  //C54
7 8 9 1  //C55
3 0 8 9  //C56
1 1 4 4  //C57
8 9 1 3  //C58
6 2 0 4  //C59
9 1 8 1  //C60
4 8 9 7  //C61
7 1 2 1  //C62
3 7 8 0  //C63
4 5 9 8  //C64
4 3 4 4  //C65
5 3 0 2  //C66
0 2 5 2  //C67
3 3 9 5  //C68
0 7 7 4  //C69
1 0 2 9  //C70
8 3 0 1  //C71
1 0 9 0  //C72
2 2 9 6  //C73
6 4 6 1  //C74
8 6 6 5  //C75
6 0 8 9  //C76
7 2 0 6  //C77
8 4 7 3  //C78
0 5 5 1  //C79
2 9 0 9  //C80
3 4 9 1  //C81
3 3 9 6  //C82
1 6 6 4  //C83
3 6 2 8  //C84
5 1 3 9  //C85
0 2 2 8  //C86
4 5 5 0  //C87
8 4 8 9  //C88
6 7 1 2  //C89
1 7 6 4  //C90
2 3 4 2  //C91
8 3 0 4  //C92
3 7 6 1  //C93
5 1 8 0  //C94
1 1 6 7  //C95
7 8 7 7  //C96
7 7 7 6  //C97
4 9 6 8  //C98
4 9 6 6  //C99
8 0 9 1  //C100
5 1 7 1  //C101
7 7 3 5  //C102
8 1 1 0  //C103
0 8 6 3  //C104
6 6 4 1  //C105
5 3 9 3  //C106
0 8 6 6  //C107
4 1 1 0  //C108
1 5 2 5  //C109
1 5 0 0  //C110
3 2 8 3  //C111
8 6 7 6  //C112
2 2 0 1  //C113
6 8 5 2  //C114
2 3 0 8  //C115
0 7 0 6  //C116
9 0 8 5  //C117
6 0 2 0  //C118
6 4 7 2  //C119
5 6 5 4  //C120
1 0 3 1  //C121
1 0 4 2  //C122
9 0 3 7  //C123
4 1 9 6  //C124
2 1 3 8  //C125
7 1 0 1  //C126
0 0 4 2  //C127
1 3 6 6  //C128
8 6 7 0  //C129
3 8 5 9  //C130
5 5 6 6  //C131
7 4 5 5  //C132
4 1 0 3  //C133
2 7 7 9  //C134
9 1 1 1  //C135
5 2 1 6  //C136
3 7 9 8  //C137
3 8 2 3  //C138
6 3 2 1  //C139
5 3 4 5  //C140
4 9 7 9  //C141
2 3 3 1  //C142
9 8 0 1  //C143
6 4 4 2  //C144
4 0 3 9  //C145
5 7 2 5  //C146
8 6 6 8  //C147
4 5 4 5  //C148
7 6 6 6  //C149
4 2 3 9  //C150
3 7 8 5  //C151
8 0 7 2  //C152
9 9 7 5  //C153
0 4 9 7  //C154
6 2 1 5  //C155
6 4 7 3  //C156
3 4 4 9  //C157
7 7 7 1  //C158
6 3 6 8  //C159
8 6 7 7  //C160
9 4 9 4  //C161
8 9 5 2  //C162
7 8 9 2  //C163
0 8 2 9  //C164
0 4 1 3  //C165
6 7 4 1  //C166
1 5 8 7  //C167
8 1 9 0  //C168
4 3 5 2  //C169
5 2 5 4  //C170
9 1 2 9  //C171
8 5 1 8  //C172
0 7 7 3  //C173
4 4 1 2  //C174
0 7 2 2  //C175
0 7 4 6  //C176
9 9 7 7  //C177
2 0 3 7  //C178
9 7 3 5  //C179
5 5 3 6  //C180
4 0 6 1  //C181
3 6 5 0  //C182
1 3 2 7  //C183
0 3 3 2  //C184
6 6 9 9  //C185
7 3 6 9  //C186
3 0 4 7  //C187
0 6 7 4  //C188
4 5 8 0  //C189
0 3 2 3  //C190
4 7 5 8  //C191
8 6 7 5  //C192
4 1 8 9  //C193
5 3 9 0  //C194
3 7 7 3  //C195
1 7 0 5  //C196
6 7 3 4  //C197
4 2 1 3  //C198
3 6 5 0  //C199
