1 // server
5 // machine
30 // customer

 //p, q, a
2 7 0 //M0
1 9 0 //M1
8 7 0 //M2
2 7 0 //M3
5 8 0 //M4

 M0  M1  M2  M3  M4 
3 5 0 2 8  //C0
9 3 3 3 0  //C1
4 4 6 1 2  //C2
2 6 2 3 8  //C3
0 2 1 5 4  //C4
3 1 1 9 6  //C5
7 8 2 7 5  //C6
7 2 4 2 7  //C7
9 6 4 5 5  //C8
7 0 8 6 5  //C9
9 9 3 6 7  //C10
0 4 5 7 5  //C11
8 2 3 7 3  //C12
5 1 9 6 5  //C13
0 2 9 5 9  //C14
4 8 5 0 7  //C15
2 2 4 3 6  //C16
7 5 6 9 4  //C17
2 6 6 7 9  //C18
6 3 6 1 9  //C19
5 1 1 1 5  //C20
7 9 7 6 3  //C21
1 9 4 0 3  //C22
5 8 9 0 5  //C23
0 5 9 2 3  //C24
3 6 2 6 2  //C25
0 2 3 0 1  //C26
0 1 3 8 9  //C27
7 7 9 6 3  //C28
3 1 5 3 4  //C29
