1 // server
4 // machine
50 // customer

 //p, q, a
4 3 0 //M0
6 3 0 //M1
2 2 0 //M2
9 3 0 //M3

 M0  M1  M2  M3 
6 6 9 8  //C0
3 0 5 1  //C1
4 5 1 5  //C2
1 7 5 1  //C3
8 4 2 6  //C4
5 9 7 1  //C5
5 1 3 8  //C6
1 9 9 7  //C7
2 1 2 5  //C8
4 9 3 4  //C9
9 6 0 7  //C10
0 7 4 6  //C11
5 5 3 7  //C12
7 3 6 7  //C13
8 7 2 1  //C14
7 6 0 5  //C15
5 4 3 0  //C16
4 0 6 8  //C17
0 8 7 9  //C18
9 0 1 8  //C19
6 6 2 5  //C20
5 2 9 9  //C21
4 5 6 7  //C22
7 1 6 3  //C23
5 4 1 6  //C24
4 4 2 5  //C25
8 4 7 9  //C26
5 7 7 8  //C27
6 3 5 1  //C28
3 4 0 3  //C29
4 3 5 8  //C30
3 9 1 8  //C31
2 4 4 4  //C32
8 5 3 1  //C33
4 7 7 0  //C34
4 0 3 7  //C35
7 8 1 3  //C36
6 4 9 0  //C37
4 8 1 1  //C38
9 3 2 9  //C39
2 8 7 1  //C40
2 3 0 0  //C41
0 3 6 6  //C42
7 0 8 4  //C43
9 7 0 4  //C44
7 8 1 7  //C45
4 3 0 0  //C46
3 2 2 0  //C47
4 7 7 5  //C48
3 2 4 4  //C49
