1 // server
5 // machine
50 // customer

 //p, q, a
6 7 0 //M0
9 7 0 //M1
4 9 0 //M2
7 2 0 //M3
2 3 0 //M4

 M0  M1  M2  M3  M4 
3 5 4 2 4  //C0
8 9 7 4 2  //C1
8 6 3 8 6  //C2
3 1 3 3 5  //C3
7 3 2 9 3  //C4
4 9 5 5 6  //C5
6 0 1 5 9  //C6
0 1 8 6 1  //C7
8 3 7 7 0  //C8
0 2 0 0 9  //C9
7 3 7 7 5  //C10
9 2 4 9 9  //C11
8 4 2 7 6  //C12
7 4 8 9 5  //C13
2 2 7 2 6  //C14
3 6 5 9 3  //C15
1 9 4 5 8  //C16
2 3 4 0 9  //C17
8 6 9 6 2  //C18
4 1 9 0 2  //C19
5 4 1 5 6  //C20
5 6 5 0 1  //C21
3 6 5 6 8  //C22
9 9 7 9 4  //C23
4 0 7 0 7  //C24
6 3 0 9 2  //C25
2 7 5 6 7  //C26
7 8 9 8 3  //C27
5 7 3 8 5  //C28
1 1 3 7 2  //C29
4 4 9 6 8  //C30
5 6 0 7 0  //C31
1 5 5 8 9  //C32
6 1 8 8 1  //C33
1 9 8 6 8  //C34
7 6 9 4 5  //C35
4 9 3 6 7  //C36
7 7 8 8 2  //C37
0 7 2 7 1  //C38
9 1 5 8 9  //C39
0 3 4 5 1  //C40
5 5 2 8 1  //C41
8 6 6 1 6  //C42
2 2 9 1 2  //C43
8 3 9 6 0  //C44
4 7 1 5 8  //C45
5 1 0 4 5  //C46
1 4 7 5 2  //C47
2 4 0 7 3  //C48
3 0 0 1 8  //C49
