1 // server
3 // machine
200 // customer

 //p, q, a
3 2 0 //M0
3 6 0 //M1
1 9 0 //M2

 M0  M1  M2 
3 1 6  //C0
0 1 4  //C1
2 3 3  //C2
9 7 4  //C3
3 6 1  //C4
8 5 8  //C5
5 9 6  //C6
2 4 7  //C7
5 5 9  //C8
8 0 1  //C9
9 6 4  //C10
3 8 2  //C11
1 6 7  //C12
4 7 3  //C13
2 1 9  //C14
7 3 3  //C15
6 4 5  //C16
3 9 1  //C17
2 1 7  //C18
8 4 5  //C19
5 3 3  //C20
2 9 1  //C21
0 0 8  //C22
9 7 8  //C23
1 1 2  //C24
2 9 2  //C25
7 7 2  //C26
5 2 5  //C27
5 6 6  //C28
3 0 6  //C29
5 2 2  //C30
2 9 4  //C31
0 0 2  //C32
8 7 3  //C33
4 7 7  //C34
6 2 8  //C35
8 9 1  //C36
4 1 7  //C37
2 9 0  //C38
7 6 3  //C39
4 6 0  //C40
1 4 4  //C41
5 9 2  //C42
7 2 9  //C43
0 8 9  //C44
9 1 5  //C45
8 8 3  //C46
8 4 0  //C47
5 0 1  //C48
5 9 9  //C49
3 2 4  //C50
9 4 1  //C51
2 3 3  //C52
2 1 3  //C53
5 1 7  //C54
1 4 2  //C55
7 3 8  //C56
5 8 7  //C57
9 6 2  //C58
9 5 3  //C59
3 0 9  //C60
2 4 9  //C61
5 1 4  //C62
8 6 7  //C63
2 6 7  //C64
0 2 3  //C65
2 3 6  //C66
8 7 5  //C67
1 8 3  //C68
7 0 7  //C69
8 2 7  //C70
9 8 0  //C71
3 3 6  //C72
7 6 3  //C73
7 8 7  //C74
0 2 2  //C75
9 8 3  //C76
9 6 2  //C77
7 5 3  //C78
4 0 6  //C79
6 7 0  //C80
7 0 3  //C81
0 2 7  //C82
7 7 9  //C83
6 5 7  //C84
3 0 8  //C85
8 1 5  //C86
1 8 1  //C87
3 9 6  //C88
5 2 3  //C89
7 8 2  //C90
0 1 8  //C91
2 0 8  //C92
3 0 9  //C93
4 1 0  //C94
4 2 1  //C95
5 3 4  //C96
4 5 9  //C97
1 4 9  //C98
9 3 1  //C99
7 4 0  //C100
4 0 8  //C101
6 6 3  //C102
8 1 9  //C103
0 4 0  //C104
5 6 6  //C105
1 9 6  //C106
4 0 8  //C107
9 2 2  //C108
3 9 6  //C109
8 3 7  //C110
7 6 6  //C111
9 0 0  //C112
1 8 6  //C113
8 6 2  //C114
4 3 1  //C115
8 6 8  //C116
3 7 4  //C117
5 3 3  //C118
1 4 7  //C119
5 2 7  //C120
6 9 8  //C121
2 3 8  //C122
4 5 6  //C123
5 9 0  //C124
9 5 3  //C125
6 4 9  //C126
1 4 3  //C127
8 5 5  //C128
3 1 3  //C129
2 7 5  //C130
3 5 5  //C131
9 1 7  //C132
3 2 0  //C133
3 3 0  //C134
1 7 8  //C135
3 5 7  //C136
9 5 0  //C137
8 4 8  //C138
4 7 3  //C139
3 8 1  //C140
4 2 8  //C141
1 2 3  //C142
5 9 3  //C143
6 2 2  //C144
8 8 1  //C145
2 7 7  //C146
7 0 6  //C147
6 2 1  //C148
5 4 1  //C149
7 5 4  //C150
3 0 3  //C151
8 8 0  //C152
1 0 5  //C153
4 8 5  //C154
3 3 3  //C155
7 9 6  //C156
6 1 0  //C157
6 6 8  //C158
5 8 0  //C159
6 6 8  //C160
2 7 4  //C161
9 3 1  //C162
9 0 9  //C163
0 1 7  //C164
2 2 2  //C165
0 2 9  //C166
8 8 4  //C167
5 0 4  //C168
4 6 4  //C169
5 3 9  //C170
0 5 4  //C171
7 2 0  //C172
1 3 9  //C173
1 7 9  //C174
6 5 9  //C175
3 3 3  //C176
6 4 5  //C177
1 7 8  //C178
3 6 6  //C179
0 5 6  //C180
6 4 6  //C181
9 0 6  //C182
2 5 0  //C183
1 9 9  //C184
9 7 0  //C185
4 8 5  //C186
4 1 2  //C187
1 8 8  //C188
4 8 7  //C189
6 3 5  //C190
3 1 8  //C191
3 5 3  //C192
2 7 5  //C193
3 0 8  //C194
3 4 5  //C195
6 2 0  //C196
7 8 8  //C197
1 5 4  //C198
3 5 5  //C199
