1 // server
4 // machine
100 // customer

 //p, q, a
6 5 0 //M0
8 6 0 //M1
5 3 0 //M2
2 6 0 //M3

 M0  M1  M2  M3 
1 8 2 3  //C0
6 3 5 6  //C1
2 6 0 0  //C2
2 8 2 2  //C3
9 8 1 6  //C4
6 5 6 5  //C5
6 3 8 4  //C6
0 6 1 0  //C7
9 2 2 2  //C8
4 2 8 5  //C9
3 0 0 2  //C10
9 5 7 7  //C11
1 5 6 6  //C12
0 4 9 6  //C13
1 7 7 2  //C14
4 0 6 5  //C15
4 0 0 9  //C16
6 0 8 6  //C17
0 5 3 5  //C18
5 4 5 0  //C19
6 1 3 4  //C20
9 4 9 4  //C21
3 6 0 6  //C22
5 6 0 2  //C23
4 4 7 9  //C24
4 8 1 1  //C25
6 9 5 4  //C26
0 3 1 7  //C27
2 6 6 3  //C28
7 1 6 9  //C29
0 5 5 9  //C30
9 2 1 3  //C31
5 1 1 0  //C32
6 5 6 8  //C33
0 1 8 9  //C34
9 5 4 0  //C35
4 3 4 9  //C36
0 7 4 3  //C37
8 7 8 8  //C38
2 1 1 4  //C39
8 2 9 9  //C40
2 0 1 6  //C41
0 8 2 5  //C42
2 6 0 5  //C43
1 5 4 6  //C44
7 2 3 7  //C45
6 7 2 8  //C46
6 7 6 8  //C47
9 4 1 7  //C48
6 4 7 4  //C49
2 8 8 2  //C50
4 9 0 1  //C51
6 3 6 6  //C52
6 5 6 6  //C53
8 1 2 4  //C54
7 2 9 2  //C55
1 3 5 8  //C56
4 3 9 6  //C57
8 0 3 9  //C58
3 1 3 7  //C59
7 0 1 3  //C60
0 9 2 3  //C61
7 5 8 4  //C62
2 3 7 9  //C63
8 5 0 0  //C64
3 1 7 3  //C65
4 0 8 6  //C66
1 7 2 6  //C67
7 5 7 6  //C68
0 6 2 1  //C69
1 1 1 9  //C70
5 4 4 4  //C71
3 3 1 7  //C72
1 2 4 5  //C73
3 8 8 0  //C74
1 5 2 0  //C75
2 1 6 6  //C76
6 0 9 1  //C77
3 8 8 1  //C78
0 7 7 9  //C79
5 3 3 7  //C80
5 5 5 4  //C81
1 2 3 1  //C82
8 2 0 5  //C83
9 1 7 3  //C84
7 7 8 2  //C85
4 9 4 2  //C86
4 2 4 5  //C87
1 8 4 8  //C88
2 4 4 7  //C89
6 1 5 4  //C90
7 8 3 0  //C91
8 3 1 9  //C92
0 4 2 7  //C93
4 0 3 6  //C94
1 2 0 8  //C95
7 7 0 9  //C96
7 1 3 5  //C97
6 9 7 5  //C98
2 4 5 6  //C99
