1 // server
3 // machine
200 // customer

 //p, q, a
5 7 0 //M0
8 4 0 //M1
6 3 0 //M2

 M0  M1  M2 
3 5 8  //C0
9 2 9  //C1
6 4 5  //C2
1 0 8  //C3
9 1 2  //C4
0 3 0  //C5
8 1 2  //C6
1 9 0  //C7
7 6 0  //C8
4 6 1  //C9
5 2 8  //C10
5 4 9  //C11
3 5 5  //C12
7 3 8  //C13
0 1 2  //C14
0 3 5  //C15
3 4 3  //C16
7 3 4  //C17
9 2 6  //C18
7 1 6  //C19
8 2 7  //C20
4 6 8  //C21
9 3 7  //C22
3 7 7  //C23
5 1 8  //C24
3 0 7  //C25
8 6 2  //C26
5 0 1  //C27
8 7 8  //C28
3 6 1  //C29
3 5 4  //C30
8 8 0  //C31
0 6 5  //C32
4 1 9  //C33
8 0 7  //C34
5 2 1  //C35
6 5 1  //C36
8 9 4  //C37
4 3 2  //C38
5 6 8  //C39
9 5 7  //C40
5 9 1  //C41
3 6 3  //C42
8 3 4  //C43
2 3 5  //C44
2 6 0  //C45
4 2 5  //C46
6 7 0  //C47
0 4 6  //C48
0 4 4  //C49
8 4 0  //C50
7 4 5  //C51
2 3 0  //C52
6 2 6  //C53
8 8 2  //C54
7 5 5  //C55
8 1 7  //C56
1 1 3  //C57
3 2 8  //C58
7 5 4  //C59
5 3 1  //C60
8 0 8  //C61
3 5 9  //C62
0 0 3  //C63
9 7 9  //C64
8 8 9  //C65
8 2 9  //C66
0 1 2  //C67
7 6 2  //C68
6 3 1  //C69
6 5 7  //C70
5 1 9  //C71
4 9 8  //C72
3 3 0  //C73
6 8 1  //C74
3 1 3  //C75
4 4 4  //C76
9 8 2  //C77
5 4 1  //C78
9 0 3  //C79
5 7 1  //C80
7 3 5  //C81
5 3 6  //C82
9 3 8  //C83
1 4 9  //C84
8 3 2  //C85
1 3 4  //C86
9 2 9  //C87
6 7 6  //C88
5 0 6  //C89
7 5 9  //C90
4 7 6  //C91
8 9 5  //C92
5 8 7  //C93
7 4 0  //C94
6 8 3  //C95
3 7 1  //C96
9 7 6  //C97
9 6 4  //C98
2 0 5  //C99
9 0 3  //C100
9 1 8  //C101
9 6 7  //C102
2 9 4  //C103
6 5 5  //C104
6 1 7  //C105
8 0 9  //C106
2 1 2  //C107
5 8 8  //C108
2 5 1  //C109
1 6 8  //C110
0 6 8  //C111
4 7 2  //C112
2 7 1  //C113
6 0 7  //C114
6 2 2  //C115
1 2 4  //C116
6 4 0  //C117
6 6 8  //C118
1 4 3  //C119
0 6 1  //C120
5 0 3  //C121
5 6 8  //C122
7 2 4  //C123
5 5 2  //C124
8 5 0  //C125
5 8 5  //C126
5 1 2  //C127
6 4 2  //C128
8 4 0  //C129
9 2 3  //C130
9 2 0  //C131
9 0 0  //C132
4 1 6  //C133
3 3 0  //C134
0 1 8  //C135
7 8 1  //C136
7 5 5  //C137
7 4 5  //C138
9 9 6  //C139
1 7 1  //C140
8 7 9  //C141
0 5 3  //C142
2 8 4  //C143
0 1 7  //C144
9 2 7  //C145
1 6 3  //C146
3 1 6  //C147
8 1 7  //C148
8 2 8  //C149
4 0 1  //C150
3 2 3  //C151
4 4 6  //C152
0 9 5  //C153
5 5 9  //C154
6 7 4  //C155
7 7 1  //C156
8 7 3  //C157
2 7 6  //C158
5 9 6  //C159
2 2 3  //C160
4 7 8  //C161
3 6 8  //C162
3 5 7  //C163
1 0 6  //C164
7 8 6  //C165
6 2 4  //C166
2 0 4  //C167
6 6 2  //C168
7 0 5  //C169
7 8 5  //C170
9 8 6  //C171
2 0 7  //C172
1 3 0  //C173
6 3 2  //C174
4 7 6  //C175
6 5 9  //C176
9 8 7  //C177
1 9 1  //C178
9 8 1  //C179
5 5 5  //C180
3 6 6  //C181
2 1 2  //C182
9 5 8  //C183
8 5 9  //C184
3 6 7  //C185
1 2 8  //C186
5 1 5  //C187
6 7 9  //C188
7 8 8  //C189
5 2 2  //C190
6 5 7  //C191
4 3 7  //C192
5 2 6  //C193
4 7 0  //C194
0 1 3  //C195
7 7 3  //C196
4 7 6  //C197
2 0 4  //C198
0 7 8  //C199
