1 // server
4 // machine
30 // customer

 //p, q, a
9 4 0 //M0
6 2 0 //M1
4 2 0 //M2
3 6 0 //M3

 M0  M1  M2  M3 
1 1 6 0  //C0
5 6 5 8  //C1
2 6 9 0  //C2
1 0 9 6  //C3
1 4 4 3  //C4
7 0 9 0  //C5
5 1 6 6  //C6
2 4 1 9  //C7
8 4 1 5  //C8
5 9 8 7  //C9
0 9 0 6  //C10
7 3 4 8  //C11
3 9 8 9  //C12
6 9 9 1  //C13
2 6 5 4  //C14
0 8 5 7  //C15
4 9 2 7  //C16
9 4 0 2  //C17
5 6 3 7  //C18
9 2 2 1  //C19
6 8 2 3  //C20
5 1 3 9  //C21
5 9 2 9  //C22
4 4 7 1  //C23
3 2 2 8  //C24
0 7 8 9  //C25
8 6 3 9  //C26
5 1 1 9  //C27
4 3 7 2  //C28
5 2 2 2  //C29
