1 // server
5 // machine
200 // customer

 //p, q, a
4 3 0 //M0
2 4 0 //M1
7 8 0 //M2
1 8 0 //M3
5 2 0 //M4

 M0  M1  M2  M3  M4 
3 1 1 7 3  //C0
0 8 6 8 0  //C1
2 6 0 5 2  //C2
3 0 7 7 3  //C3
3 7 1 6 2  //C4
5 6 8 5 4  //C5
7 0 1 3 3  //C6
1 8 2 6 9  //C7
8 0 2 5 9  //C8
8 2 5 0 3  //C9
8 3 0 1 7  //C10
6 0 5 4 7  //C11
3 0 0 3 3  //C12
1 4 6 2 1  //C13
4 8 1 7 4  //C14
2 4 5 7 4  //C15
3 1 8 1 6  //C16
3 0 0 5 6  //C17
0 3 7 8 5  //C18
8 9 9 1 7  //C19
3 5 2 8 8  //C20
9 2 2 7 4  //C21
1 4 8 9 4  //C22
2 1 8 6 9  //C23
1 4 1 6 1  //C24
1 0 2 2 6  //C25
2 5 3 9 1  //C26
8 8 9 2 6  //C27
1 7 2 1 4  //C28
5 5 8 4 2  //C29
6 1 2 2 5  //C30
9 4 6 7 7  //C31
9 9 0 1 1  //C32
6 1 8 8 5  //C33
4 1 5 9 8  //C34
4 1 9 1 5  //C35
6 2 8 9 9  //C36
1 3 1 4 1  //C37
4 1 2 5 7  //C38
2 6 1 9 8  //C39
4 6 9 8 8  //C40
4 5 2 3 1  //C41
8 4 5 2 1  //C42
7 0 1 1 0  //C43
3 9 4 6 1  //C44
3 9 0 2 5  //C45
7 9 0 2 1  //C46
9 2 0 1 4  //C47
6 0 7 2 3  //C48
9 6 0 3 0  //C49
2 4 0 9 5  //C50
4 2 2 6 4  //C51
5 5 0 8 3  //C52
8 3 2 1 2  //C53
4 0 0 7 3  //C54
2 2 1 3 2  //C55
7 9 6 1 3  //C56
3 9 1 7 6  //C57
6 9 3 6 8  //C58
0 0 9 9 4  //C59
5 3 9 1 6  //C60
1 4 2 5 3  //C61
2 1 9 4 7  //C62
6 8 8 4 0  //C63
9 2 5 4 5  //C64
4 6 4 8 2  //C65
2 2 1 8 6  //C66
3 9 4 5 1  //C67
8 6 5 3 4  //C68
5 0 8 8 2  //C69
2 2 5 9 5  //C70
2 7 4 6 1  //C71
5 0 4 2 0  //C72
9 9 0 8 4  //C73
6 3 2 2 1  //C74
3 7 1 0 9  //C75
4 7 6 6 0  //C76
9 7 2 3 3  //C77
6 5 8 4 6  //C78
8 2 2 2 4  //C79
6 9 0 4 5  //C80
8 0 2 7 2  //C81
5 5 4 6 6  //C82
7 4 7 2 1  //C83
2 6 7 4 8  //C84
1 5 7 5 3  //C85
0 4 8 6 3  //C86
4 7 1 1 2  //C87
9 4 5 1 7  //C88
0 0 2 7 9  //C89
3 4 0 1 1  //C90
0 2 5 5 3  //C91
3 2 6 3 1  //C92
0 6 7 3 2  //C93
0 2 6 0 1  //C94
7 1 5 7 7  //C95
0 2 9 6 9  //C96
6 4 7 4 3  //C97
1 1 5 7 8  //C98
7 7 1 0 7  //C99
3 3 8 5 8  //C100
1 8 0 0 4  //C101
8 7 8 8 2  //C102
0 2 0 4 4  //C103
6 9 2 0 1  //C104
8 6 8 1 4  //C105
9 0 5 9 4  //C106
7 3 4 7 7  //C107
8 3 6 0 4  //C108
4 2 7 5 8  //C109
4 7 6 5 0  //C110
3 0 8 3 0  //C111
5 9 9 6 4  //C112
8 2 8 3 4  //C113
6 7 2 6 6  //C114
2 3 2 5 7  //C115
5 8 3 2 9  //C116
2 3 9 9 0  //C117
7 5 0 7 2  //C118
8 4 0 6 6  //C119
1 4 4 0 1  //C120
6 4 0 9 7  //C121
0 7 2 6 4  //C122
7 5 6 6 2  //C123
5 2 9 2 7  //C124
1 7 5 3 7  //C125
8 2 6 9 5  //C126
1 4 3 1 3  //C127
7 2 0 1 0  //C128
9 2 3 3 5  //C129
2 8 4 3 0  //C130
8 4 1 2 9  //C131
9 8 6 1 9  //C132
8 1 3 1 2  //C133
2 2 4 3 4  //C134
2 2 7 2 7  //C135
9 3 2 8 5  //C136
9 8 2 8 6  //C137
6 2 0 1 3  //C138
8 6 9 2 2  //C139
8 8 2 1 2  //C140
0 3 0 9 8  //C141
6 7 9 4 0  //C142
6 6 7 5 9  //C143
9 8 4 4 5  //C144
0 1 3 9 5  //C145
6 3 5 9 9  //C146
0 0 0 6 4  //C147
6 7 3 0 0  //C148
9 3 5 1 7  //C149
1 8 3 2 2  //C150
9 4 7 5 2  //C151
8 0 1 3 2  //C152
2 2 9 5 9  //C153
5 6 1 1 3  //C154
2 5 4 4 5  //C155
7 5 2 2 3  //C156
7 0 2 7 9  //C157
6 3 5 4 6  //C158
6 6 0 7 7  //C159
7 3 0 1 2  //C160
5 6 2 9 9  //C161
4 9 2 0 4  //C162
2 8 8 9 5  //C163
2 0 2 5 2  //C164
1 1 7 4 7  //C165
6 5 7 7 8  //C166
4 5 0 9 8  //C167
0 8 2 7 5  //C168
6 0 4 9 3  //C169
7 7 0 2 4  //C170
7 0 4 9 0  //C171
4 9 7 2 3  //C172
9 2 4 1 0  //C173
7 7 9 1 4  //C174
4 7 4 0 6  //C175
1 6 7 1 9  //C176
9 4 5 3 1  //C177
3 0 1 9 3  //C178
1 0 0 4 5  //C179
4 5 3 9 6  //C180
9 8 9 7 9  //C181
9 5 4 2 9  //C182
8 1 6 2 3  //C183
5 7 1 0 6  //C184
6 6 9 8 2  //C185
3 6 0 4 1  //C186
5 2 8 4 9  //C187
1 5 7 3 1  //C188
7 6 8 0 4  //C189
0 4 7 0 0  //C190
6 4 3 2 0  //C191
3 8 1 5 5  //C192
3 5 9 1 4  //C193
6 2 1 3 2  //C194
9 0 8 8 9  //C195
9 8 9 3 2  //C196
9 8 0 4 4  //C197
0 9 6 4 6  //C198
3 4 2 7 8  //C199
