1 // server
4 // machine
30 // customer

 //p, q, a
6 7 0 //M0
5 4 0 //M1
3 4 0 //M2
2 6 0 //M3

 M0  M1  M2  M3 
2 6 6 5  //C0
5 0 4 9  //C1
9 2 3 8  //C2
1 0 8 4  //C3
0 0 5 0  //C4
9 3 8 0  //C5
5 0 1 0  //C6
1 3 3 0  //C7
7 5 9 6  //C8
4 9 9 1  //C9
6 5 4 5  //C10
7 0 4 5  //C11
8 0 2 1  //C12
7 1 6 8  //C13
7 6 0 4  //C14
8 4 7 5  //C15
8 2 0 5  //C16
0 2 9 1  //C17
1 4 4 4  //C18
9 3 2 4  //C19
6 6 1 0  //C20
1 2 3 6  //C21
9 0 8 8  //C22
8 4 2 2  //C23
7 8 7 5  //C24
9 8 4 5  //C25
1 0 0 2  //C26
6 2 9 4  //C27
4 5 7 2  //C28
2 7 3 6  //C29
