1 // server
3 // machine
200 // customer

 //p, q, a
8 6 0 //M0
2 9 0 //M1
7 3 0 //M2

 M0  M1  M2 
4 7 8  //C0
0 5 2  //C1
6 2 1  //C2
9 0 1  //C3
4 7 4  //C4
3 7 6  //C5
6 8 4  //C6
7 1 5  //C7
4 0 9  //C8
7 4 1  //C9
3 5 3  //C10
7 9 6  //C11
7 5 6  //C12
8 1 6  //C13
6 1 4  //C14
3 9 7  //C15
1 4 7  //C16
4 2 8  //C17
7 6 6  //C18
2 6 5  //C19
2 8 7  //C20
9 5 5  //C21
7 7 8  //C22
7 6 1  //C23
0 7 7  //C24
7 0 9  //C25
0 1 0  //C26
2 6 9  //C27
4 9 2  //C28
4 9 2  //C29
0 4 9  //C30
1 6 2  //C31
8 7 5  //C32
9 5 2  //C33
8 4 8  //C34
6 4 4  //C35
1 9 6  //C36
6 1 4  //C37
4 0 2  //C38
8 5 6  //C39
2 3 7  //C40
6 6 1  //C41
1 9 1  //C42
5 8 3  //C43
3 1 6  //C44
8 3 2  //C45
1 7 4  //C46
8 2 0  //C47
6 4 3  //C48
4 6 6  //C49
9 0 1  //C50
9 6 1  //C51
4 1 7  //C52
6 4 5  //C53
3 6 0  //C54
2 2 0  //C55
8 5 6  //C56
0 6 7  //C57
2 4 0  //C58
7 0 2  //C59
8 6 2  //C60
5 5 7  //C61
1 4 5  //C62
4 4 2  //C63
4 4 3  //C64
9 5 6  //C65
9 3 2  //C66
2 6 0  //C67
0 9 4  //C68
4 6 1  //C69
0 7 0  //C70
5 8 7  //C71
2 7 1  //C72
2 1 7  //C73
5 3 1  //C74
3 5 2  //C75
4 3 9  //C76
4 8 7  //C77
9 5 0  //C78
1 5 5  //C79
3 7 7  //C80
3 3 7  //C81
1 8 5  //C82
5 6 7  //C83
4 6 2  //C84
4 7 2  //C85
9 6 4  //C86
2 9 3  //C87
1 6 8  //C88
3 5 3  //C89
6 1 2  //C90
5 9 3  //C91
9 1 0  //C92
3 2 6  //C93
6 8 6  //C94
2 9 1  //C95
5 5 7  //C96
8 2 8  //C97
1 1 8  //C98
4 1 7  //C99
8 7 3  //C100
2 9 5  //C101
4 8 7  //C102
8 5 5  //C103
2 5 3  //C104
7 6 0  //C105
6 9 7  //C106
7 8 0  //C107
5 8 8  //C108
3 4 8  //C109
5 5 0  //C110
2 5 4  //C111
3 3 9  //C112
1 7 0  //C113
4 6 0  //C114
1 6 6  //C115
5 4 5  //C116
7 7 2  //C117
0 1 9  //C118
2 7 0  //C119
6 0 4  //C120
9 2 9  //C121
5 9 0  //C122
8 3 3  //C123
1 5 1  //C124
6 2 1  //C125
0 3 2  //C126
2 8 0  //C127
2 8 8  //C128
7 2 3  //C129
5 1 5  //C130
8 5 7  //C131
6 5 4  //C132
0 5 6  //C133
5 6 0  //C134
1 6 1  //C135
0 3 9  //C136
8 2 3  //C137
8 3 1  //C138
3 6 4  //C139
0 7 6  //C140
6 3 2  //C141
7 2 9  //C142
4 0 6  //C143
7 9 7  //C144
5 6 2  //C145
9 0 2  //C146
6 7 9  //C147
4 6 8  //C148
1 0 1  //C149
5 2 9  //C150
9 9 7  //C151
9 8 2  //C152
8 4 3  //C153
2 5 3  //C154
2 1 2  //C155
5 2 7  //C156
9 4 5  //C157
2 4 0  //C158
7 2 7  //C159
3 5 1  //C160
7 9 8  //C161
7 7 9  //C162
9 6 7  //C163
0 1 6  //C164
8 4 1  //C165
5 1 5  //C166
5 6 7  //C167
4 6 7  //C168
4 7 5  //C169
7 1 6  //C170
5 5 9  //C171
1 4 6  //C172
4 5 3  //C173
3 5 6  //C174
9 8 3  //C175
8 3 9  //C176
8 1 0  //C177
1 7 9  //C178
4 2 3  //C179
0 2 0  //C180
4 2 4  //C181
1 4 6  //C182
7 6 0  //C183
5 1 5  //C184
2 2 0  //C185
0 5 7  //C186
4 5 4  //C187
5 9 9  //C188
5 3 7  //C189
0 7 1  //C190
3 4 3  //C191
3 8 3  //C192
2 8 4  //C193
7 1 6  //C194
9 2 0  //C195
5 9 4  //C196
9 3 7  //C197
5 6 6  //C198
6 8 3  //C199
