1 // server
4 // machine
200 // customer

 //p, q, a
2 8 0 //M0
3 5 0 //M1
4 3 0 //M2
1 7 0 //M3

 M0  M1  M2  M3 
5 5 9 0  //C0
8 7 5 9  //C1
9 9 3 4  //C2
0 3 6 8  //C3
2 2 7 8  //C4
5 4 2 1  //C5
3 1 1 5  //C6
1 6 5 5  //C7
4 0 6 1  //C8
4 2 6 4  //C9
0 0 5 7  //C10
7 8 6 9  //C11
1 4 1 1  //C12
4 2 2 0  //C13
3 8 7 6  //C14
5 9 7 3  //C15
3 7 0 9  //C16
6 5 4 9  //C17
5 3 8 4  //C18
9 4 3 5  //C19
5 2 3 7  //C20
4 4 1 2  //C21
8 6 8 5  //C22
5 9 8 0  //C23
2 1 3 0  //C24
8 7 2 6  //C25
9 2 5 1  //C26
3 7 1 8  //C27
4 1 1 3  //C28
6 9 8 8  //C29
6 7 0 0  //C30
6 8 3 5  //C31
4 7 1 7  //C32
1 3 6 7  //C33
9 7 7 2  //C34
9 9 8 1  //C35
4 9 0 3  //C36
7 5 4 2  //C37
3 5 4 0  //C38
6 2 9 1  //C39
9 9 7 6  //C40
5 3 7 1  //C41
4 3 4 8  //C42
2 5 9 6  //C43
8 9 5 7  //C44
7 9 8 8  //C45
3 8 4 6  //C46
8 5 1 6  //C47
7 6 3 9  //C48
2 2 5 0  //C49
2 9 8 4  //C50
1 5 0 7  //C51
5 7 2 7  //C52
7 2 3 9  //C53
1 8 2 6  //C54
9 1 3 9  //C55
2 7 0 5  //C56
2 0 3 6  //C57
3 4 4 8  //C58
0 4 7 7  //C59
8 6 0 1  //C60
3 4 9 5  //C61
3 3 7 4  //C62
9 8 1 1  //C63
5 9 1 4  //C64
4 5 4 4  //C65
4 5 3 2  //C66
7 4 9 7  //C67
1 5 8 2  //C68
0 1 5 8  //C69
7 5 1 9  //C70
2 9 7 4  //C71
3 3 2 0  //C72
2 3 2 2  //C73
1 5 7 8  //C74
0 7 7 8  //C75
3 9 3 3  //C76
0 8 1 4  //C77
4 2 6 9  //C78
4 5 2 4  //C79
8 8 8 4  //C80
1 8 5 7  //C81
2 6 1 4  //C82
4 6 8 0  //C83
8 2 5 3  //C84
6 3 4 5  //C85
2 8 5 9  //C86
7 3 8 6  //C87
3 2 9 1  //C88
8 2 6 4  //C89
4 5 1 3  //C90
6 6 9 8  //C91
4 5 1 1  //C92
0 9 8 5  //C93
4 3 2 3  //C94
3 5 0 9  //C95
8 4 0 2  //C96
6 6 2 5  //C97
5 0 8 1  //C98
2 0 8 5  //C99
9 7 4 1  //C100
2 6 6 4  //C101
4 4 7 5  //C102
0 3 1 9  //C103
4 1 5 2  //C104
6 6 1 8  //C105
3 5 5 9  //C106
0 6 3 3  //C107
4 7 4 6  //C108
0 9 7 1  //C109
8 5 7 2  //C110
9 6 5 2  //C111
8 9 7 0  //C112
5 6 9 2  //C113
6 6 7 6  //C114
0 6 3 7  //C115
1 3 1 3  //C116
9 5 8 4  //C117
4 3 3 0  //C118
8 9 8 7  //C119
0 3 0 1  //C120
9 2 8 7  //C121
7 1 9 3  //C122
1 0 0 1  //C123
2 0 0 6  //C124
5 2 2 3  //C125
0 2 5 1  //C126
2 9 3 6  //C127
7 0 5 7  //C128
5 2 7 8  //C129
5 3 5 7  //C130
5 5 2 3  //C131
2 1 7 8  //C132
8 2 1 8  //C133
0 7 1 7  //C134
7 6 5 8  //C135
8 3 5 1  //C136
4 3 5 9  //C137
2 2 0 2  //C138
6 5 7 5  //C139
9 1 9 1  //C140
1 4 8 5  //C141
9 7 6 8  //C142
0 0 1 8  //C143
8 7 9 2  //C144
9 1 8 8  //C145
5 8 6 6  //C146
1 9 1 5  //C147
9 6 7 5  //C148
7 3 7 3  //C149
4 0 1 7  //C150
7 7 9 1  //C151
0 2 4 9  //C152
6 5 5 7  //C153
3 0 5 3  //C154
8 1 3 0  //C155
6 1 8 4  //C156
2 5 1 4  //C157
9 5 7 8  //C158
9 1 1 8  //C159
8 4 5 9  //C160
4 1 9 4  //C161
0 0 2 6  //C162
8 3 4 3  //C163
7 1 1 6  //C164
8 5 8 4  //C165
0 0 9 0  //C166
7 6 7 1  //C167
8 6 4 4  //C168
5 3 5 4  //C169
1 3 3 2  //C170
3 4 5 6  //C171
0 4 1 8  //C172
0 5 9 3  //C173
5 0 9 4  //C174
2 8 7 3  //C175
2 0 8 1  //C176
9 0 7 3  //C177
6 7 4 4  //C178
1 5 1 5  //C179
4 3 9 2  //C180
5 9 0 2  //C181
7 0 8 5  //C182
4 1 1 2  //C183
6 9 0 2  //C184
6 3 6 9  //C185
7 8 1 3  //C186
1 4 1 9  //C187
9 3 9 8  //C188
9 5 8 2  //C189
0 5 4 8  //C190
2 1 8 4  //C191
5 1 8 2  //C192
5 8 9 0  //C193
6 9 4 6  //C194
7 7 1 2  //C195
8 8 5 1  //C196
1 3 3 0  //C197
0 7 2 0  //C198
9 8 7 5  //C199
