1 // server
4 // machine
30 // customer

 //p, q, a
1 8 0 //M0
7 3 0 //M1
2 8 0 //M2
2 3 0 //M3

 M0  M1  M2  M3 
0 4 6 7  //C0
3 0 5 8  //C1
5 4 1 1  //C2
4 2 3 1  //C3
6 0 6 9  //C4
3 5 2 4  //C5
4 9 4 3  //C6
4 1 4 2  //C7
3 4 4 1  //C8
7 3 4 3  //C9
8 2 1 5  //C10
8 9 6 7  //C11
4 5 5 1  //C12
2 2 9 4  //C13
2 2 3 3  //C14
6 2 3 4  //C15
0 8 8 9  //C16
8 1 3 3  //C17
5 3 1 0  //C18
3 6 6 5  //C19
2 6 8 9  //C20
5 3 0 0  //C21
5 9 9 5  //C22
9 0 7 6  //C23
9 7 5 9  //C24
0 7 9 2  //C25
2 1 5 8  //C26
1 8 1 5  //C27
6 7 0 9  //C28
3 4 8 6  //C29
