1 // server
4 // machine
100 // customer

 //p, q, a
7 6 0 //M0
1 2 0 //M1
1 2 0 //M2
4 7 0 //M3

 M0  M1  M2  M3 
9 4 9 1  //C0
0 0 8 3  //C1
8 8 2 2  //C2
9 3 4 5  //C3
1 7 8 8  //C4
8 2 1 2  //C5
4 0 9 7  //C6
2 1 4 7  //C7
4 5 5 1  //C8
2 6 2 1  //C9
0 8 7 3  //C10
3 6 4 3  //C11
1 5 8 2  //C12
1 4 7 7  //C13
2 6 6 9  //C14
0 0 0 6  //C15
3 5 8 3  //C16
8 3 3 5  //C17
5 7 7 0  //C18
4 8 9 8  //C19
6 6 6 7  //C20
2 1 5 9  //C21
8 7 8 5  //C22
0 3 0 9  //C23
7 1 9 7  //C24
8 0 4 7  //C25
1 3 7 3  //C26
6 7 3 3  //C27
6 7 3 4  //C28
4 3 3 2  //C29
9 8 5 0  //C30
4 7 4 2  //C31
7 7 2 2  //C32
9 1 0 5  //C33
2 8 5 9  //C34
4 1 3 0  //C35
4 5 9 2  //C36
0 6 5 4  //C37
7 7 7 0  //C38
4 3 3 4  //C39
8 5 6 8  //C40
4 0 4 4  //C41
7 7 2 5  //C42
7 4 7 8  //C43
5 5 6 8  //C44
8 1 1 0  //C45
2 8 4 1  //C46
4 9 0 8  //C47
5 1 0 8  //C48
4 4 5 4  //C49
0 4 5 2  //C50
4 0 6 3  //C51
9 9 5 9  //C52
7 4 5 7  //C53
3 6 6 6  //C54
5 2 0 7  //C55
7 3 9 6  //C56
3 8 3 0  //C57
9 2 8 4  //C58
6 9 6 1  //C59
2 1 1 4  //C60
4 0 1 0  //C61
5 3 5 8  //C62
7 9 8 8  //C63
3 7 4 0  //C64
0 0 9 0  //C65
6 4 0 4  //C66
6 1 0 3  //C67
9 5 4 4  //C68
1 6 3 7  //C69
2 8 0 0  //C70
3 4 3 0  //C71
3 9 0 8  //C72
5 5 1 1  //C73
1 0 7 0  //C74
0 6 4 4  //C75
2 1 9 2  //C76
5 4 7 6  //C77
4 7 8 1  //C78
9 9 7 2  //C79
0 0 1 6  //C80
0 2 8 3  //C81
3 2 2 0  //C82
8 2 6 5  //C83
4 6 7 2  //C84
5 1 4 9  //C85
2 4 3 7  //C86
7 9 2 2  //C87
3 5 9 0  //C88
5 8 3 0  //C89
2 5 8 2  //C90
2 6 8 2  //C91
0 3 7 2  //C92
1 4 7 9  //C93
5 1 3 6  //C94
8 0 6 4  //C95
9 9 6 3  //C96
2 6 0 6  //C97
3 7 9 9  //C98
2 1 7 6  //C99
