1 // server
3 // machine
200 // customer

 //p, q, a
4 6 0 //M0
1 8 0 //M1
7 9 0 //M2

 M0  M1  M2 
8 2 7  //C0
2 8 4  //C1
6 8 7  //C2
3 7 3  //C3
7 5 6  //C4
9 0 4  //C5
2 0 4  //C6
4 7 7  //C7
6 7 9  //C8
0 7 2  //C9
3 8 4  //C10
7 1 0  //C11
3 2 0  //C12
0 2 4  //C13
0 2 9  //C14
3 8 3  //C15
6 5 5  //C16
6 6 6  //C17
4 4 5  //C18
9 6 1  //C19
4 6 0  //C20
4 9 8  //C21
9 9 4  //C22
6 6 8  //C23
3 1 8  //C24
0 4 4  //C25
8 3 8  //C26
6 3 2  //C27
7 6 2  //C28
8 3 6  //C29
4 3 5  //C30
9 6 6  //C31
3 5 3  //C32
0 3 9  //C33
8 0 9  //C34
7 2 4  //C35
8 4 0  //C36
1 0 3  //C37
3 7 2  //C38
7 7 2  //C39
6 0 6  //C40
8 1 2  //C41
2 4 5  //C42
1 6 8  //C43
1 7 9  //C44
9 8 2  //C45
3 0 4  //C46
7 0 9  //C47
6 3 3  //C48
2 6 8  //C49
4 6 7  //C50
0 4 3  //C51
2 0 9  //C52
6 4 8  //C53
9 6 8  //C54
1 9 2  //C55
4 3 9  //C56
9 4 7  //C57
8 8 0  //C58
7 1 7  //C59
9 0 8  //C60
7 7 9  //C61
1 0 3  //C62
5 6 8  //C63
3 6 5  //C64
5 8 3  //C65
1 4 3  //C66
0 8 2  //C67
8 4 2  //C68
9 1 5  //C69
3 5 8  //C70
1 7 4  //C71
9 2 9  //C72
8 0 9  //C73
9 8 7  //C74
1 5 7  //C75
2 2 0  //C76
6 5 7  //C77
3 8 1  //C78
6 8 2  //C79
7 1 8  //C80
7 2 0  //C81
9 2 9  //C82
0 6 6  //C83
4 2 4  //C84
4 0 9  //C85
5 7 8  //C86
5 7 9  //C87
5 7 9  //C88
1 7 8  //C89
2 3 3  //C90
7 0 8  //C91
0 2 6  //C92
6 1 3  //C93
8 1 6  //C94
3 2 2  //C95
2 9 8  //C96
1 0 0  //C97
3 2 4  //C98
9 1 5  //C99
1 8 4  //C100
0 8 2  //C101
2 6 2  //C102
6 4 8  //C103
3 9 5  //C104
4 7 6  //C105
2 1 4  //C106
6 8 8  //C107
0 0 2  //C108
3 3 7  //C109
4 0 0  //C110
1 4 3  //C111
9 7 3  //C112
4 1 5  //C113
0 6 4  //C114
9 8 1  //C115
4 9 5  //C116
7 6 9  //C117
0 4 9  //C118
5 9 7  //C119
9 9 3  //C120
4 1 3  //C121
8 2 4  //C122
2 5 9  //C123
3 8 0  //C124
9 6 2  //C125
3 1 2  //C126
1 8 4  //C127
2 6 3  //C128
0 0 0  //C129
4 4 8  //C130
5 4 2  //C131
1 5 4  //C132
1 0 5  //C133
7 2 3  //C134
6 4 7  //C135
9 1 8  //C136
6 1 7  //C137
4 7 1  //C138
9 2 5  //C139
9 7 1  //C140
3 8 1  //C141
0 7 4  //C142
7 7 0  //C143
8 2 0  //C144
6 4 5  //C145
0 5 2  //C146
6 0 9  //C147
2 7 2  //C148
0 1 6  //C149
1 1 2  //C150
9 1 2  //C151
4 3 4  //C152
2 5 6  //C153
3 1 3  //C154
7 7 8  //C155
7 7 3  //C156
5 9 7  //C157
2 3 7  //C158
1 1 0  //C159
8 0 6  //C160
7 6 6  //C161
7 9 1  //C162
8 2 0  //C163
0 7 0  //C164
6 2 9  //C165
6 5 0  //C166
3 3 3  //C167
2 5 2  //C168
5 6 7  //C169
5 2 1  //C170
4 4 5  //C171
0 6 4  //C172
7 9 7  //C173
6 8 5  //C174
3 4 2  //C175
6 6 1  //C176
8 5 6  //C177
9 4 7  //C178
2 4 1  //C179
3 1 3  //C180
4 2 0  //C181
8 6 3  //C182
5 5 6  //C183
4 9 5  //C184
2 6 4  //C185
8 9 0  //C186
9 8 0  //C187
5 7 7  //C188
5 4 9  //C189
7 7 1  //C190
3 3 7  //C191
4 2 6  //C192
5 4 8  //C193
8 1 0  //C194
5 3 5  //C195
0 7 8  //C196
2 4 5  //C197
0 3 2  //C198
2 8 4  //C199
