1 // server
5 // machine
200 // customer

 //p, q, a
1 5 0 //M0
8 8 0 //M1
5 8 0 //M2
5 8 0 //M3
6 5 0 //M4

 M0  M1  M2  M3  M4 
7 0 5 7 1  //C0
6 3 3 7 3  //C1
8 6 3 0 7  //C2
1 6 0 1 1  //C3
0 4 6 9 0  //C4
0 9 9 5 0  //C5
9 6 9 6 5  //C6
6 0 7 6 6  //C7
1 4 1 0 4  //C8
3 0 7 0 2  //C9
1 4 7 4 3  //C10
2 3 5 7 1  //C11
7 3 7 7 4  //C12
1 7 7 4 1  //C13
1 8 4 5 0  //C14
5 3 6 5 6  //C15
9 1 9 2 9  //C16
5 9 4 2 3  //C17
2 4 0 4 8  //C18
7 7 3 6 3  //C19
6 2 2 8 1  //C20
2 0 1 4 8  //C21
8 7 0 0 1  //C22
5 3 4 8 8  //C23
1 2 5 1 8  //C24
6 7 9 6 2  //C25
8 9 9 2 0  //C26
7 9 1 1 6  //C27
4 7 0 3 4  //C28
5 4 0 3 2  //C29
3 2 5 7 1  //C30
3 7 1 9 5  //C31
5 0 5 2 0  //C32
8 7 8 9 4  //C33
6 2 3 1 4  //C34
3 2 1 6 3  //C35
1 6 6 3 8  //C36
5 4 1 0 7  //C37
0 7 1 6 0  //C38
4 2 8 3 5  //C39
7 5 1 9 5  //C40
1 9 3 3 7  //C41
0 5 4 6 3  //C42
8 4 1 3 4  //C43
4 5 7 1 4  //C44
9 0 7 1 9  //C45
1 4 7 0 5  //C46
6 5 7 7 6  //C47
6 0 7 2 7  //C48
4 2 5 2 2  //C49
0 1 4 9 1  //C50
2 7 9 4 6  //C51
0 1 2 4 6  //C52
5 7 4 0 7  //C53
2 6 3 7 8  //C54
4 8 4 4 9  //C55
6 4 4 8 9  //C56
0 0 8 9 3  //C57
8 6 2 1 6  //C58
4 7 3 6 1  //C59
6 8 5 5 9  //C60
3 7 7 1 6  //C61
3 3 4 4 0  //C62
6 7 4 4 6  //C63
4 9 4 7 9  //C64
6 4 2 0 3  //C65
7 4 8 3 3  //C66
8 9 8 8 5  //C67
2 3 7 3 9  //C68
5 1 7 0 0  //C69
7 2 9 0 6  //C70
7 3 7 6 3  //C71
9 5 6 7 8  //C72
9 4 1 1 2  //C73
6 8 5 8 3  //C74
1 1 1 8 4  //C75
4 6 1 0 6  //C76
4 5 8 6 5  //C77
4 1 2 4 6  //C78
6 7 0 4 9  //C79
0 0 5 8 3  //C80
8 7 0 6 5  //C81
6 1 9 2 9  //C82
2 4 5 1 4  //C83
4 6 4 5 7  //C84
4 6 0 2 7  //C85
3 1 7 8 3  //C86
3 0 2 7 7  //C87
7 4 1 1 9  //C88
2 2 9 5 3  //C89
2 1 8 0 4  //C90
3 6 0 1 8  //C91
2 6 7 9 1  //C92
4 4 0 8 6  //C93
1 1 8 4 6  //C94
9 4 2 5 4  //C95
2 6 5 8 4  //C96
2 2 7 3 9  //C97
7 0 1 8 4  //C98
1 7 2 0 5  //C99
8 1 0 9 1  //C100
1 3 3 3 4  //C101
8 3 4 6 6  //C102
6 0 8 5 9  //C103
1 7 7 9 8  //C104
1 9 0 0 5  //C105
2 2 2 0 6  //C106
1 5 6 7 2  //C107
8 8 3 9 1  //C108
3 6 5 2 8  //C109
1 8 7 1 3  //C110
0 4 1 0 0  //C111
2 3 3 7 2  //C112
6 0 3 9 4  //C113
0 3 1 2 0  //C114
3 3 7 7 5  //C115
4 3 8 2 4  //C116
3 5 1 7 5  //C117
7 4 6 6 0  //C118
5 5 5 6 5  //C119
2 2 5 7 7  //C120
7 7 4 0 9  //C121
6 6 3 4 5  //C122
8 4 1 3 8  //C123
0 9 5 4 7  //C124
5 7 4 2 5  //C125
8 8 1 2 2  //C126
1 8 1 4 7  //C127
6 1 1 7 9  //C128
1 0 1 0 1  //C129
0 3 2 8 4  //C130
3 7 1 9 2  //C131
9 2 2 5 1  //C132
8 4 0 2 4  //C133
0 3 7 6 2  //C134
9 8 8 4 6  //C135
5 6 3 0 4  //C136
4 6 3 8 8  //C137
4 6 1 2 7  //C138
3 9 5 5 0  //C139
6 0 8 6 1  //C140
6 6 5 6 5  //C141
5 8 6 3 6  //C142
3 9 1 0 7  //C143
2 1 2 3 9  //C144
3 2 4 8 8  //C145
9 2 2 4 0  //C146
5 7 6 9 7  //C147
7 0 6 2 3  //C148
5 0 7 5 4  //C149
4 7 4 8 8  //C150
4 7 5 7 8  //C151
4 1 6 7 5  //C152
3 6 2 2 1  //C153
5 2 2 3 9  //C154
1 5 9 0 3  //C155
3 4 9 4 3  //C156
1 7 4 5 6  //C157
7 2 9 0 3  //C158
5 3 9 6 0  //C159
9 7 5 3 8  //C160
2 5 1 8 6  //C161
9 7 5 3 4  //C162
9 2 2 3 3  //C163
5 1 6 6 4  //C164
3 2 1 0 4  //C165
8 5 2 9 3  //C166
5 9 5 6 1  //C167
6 5 6 9 7  //C168
9 7 5 6 3  //C169
3 1 5 3 4  //C170
8 0 8 8 5  //C171
9 3 1 3 8  //C172
3 4 5 0 8  //C173
0 6 6 2 7  //C174
9 4 7 9 4  //C175
6 6 5 7 1  //C176
6 0 9 4 5  //C177
5 1 7 1 1  //C178
2 4 2 0 3  //C179
4 1 5 7 2  //C180
6 5 3 5 5  //C181
3 3 8 3 8  //C182
2 8 4 2 2  //C183
3 5 1 5 3  //C184
9 9 4 0 4  //C185
5 1 6 5 0  //C186
4 1 8 4 4  //C187
0 6 4 9 1  //C188
1 2 3 2 8  //C189
3 0 0 8 0  //C190
9 0 0 3 3  //C191
6 0 3 1 9  //C192
2 7 2 3 3  //C193
1 0 9 7 1  //C194
6 1 1 3 2  //C195
7 6 2 1 0  //C196
4 1 7 5 0  //C197
4 0 4 1 8  //C198
0 3 2 9 9  //C199
