1 // server
4 // machine
100 // customer

 //p, q, a
4 8 0 //M0
3 5 0 //M1
6 4 0 //M2
7 9 0 //M3

 M0  M1  M2  M3 
0 0 8 7  //C0
1 7 0 1  //C1
6 6 7 8  //C2
7 4 9 8  //C3
8 6 5 9  //C4
6 6 5 6  //C5
4 1 8 8  //C6
8 7 1 7  //C7
0 3 7 7  //C8
1 2 0 4  //C9
0 1 4 5  //C10
1 3 4 9  //C11
8 4 5 0  //C12
7 8 2 4  //C13
4 2 2 0  //C14
8 1 2 8  //C15
4 0 8 4  //C16
6 2 7 5  //C17
5 0 8 4  //C18
1 0 4 1  //C19
6 9 9 4  //C20
1 1 0 2  //C21
0 2 3 9  //C22
9 9 5 8  //C23
8 5 0 1  //C24
5 0 2 6  //C25
7 9 4 6  //C26
9 8 2 3  //C27
7 1 3 8  //C28
1 8 6 3  //C29
9 5 3 3  //C30
9 7 5 6  //C31
5 0 6 6  //C32
0 3 5 6  //C33
7 3 7 2  //C34
6 4 3 2  //C35
0 9 2 8  //C36
6 6 7 9  //C37
9 7 1 9  //C38
6 8 7 9  //C39
3 8 1 8  //C40
1 6 3 4  //C41
5 7 1 8  //C42
1 4 6 5  //C43
2 1 3 9  //C44
5 7 9 8  //C45
3 6 6 2  //C46
1 6 9 8  //C47
5 8 8 8  //C48
2 4 1 4  //C49
5 8 3 8  //C50
5 8 8 5  //C51
0 6 6 5  //C52
5 7 3 6  //C53
8 2 5 4  //C54
9 0 2 9  //C55
8 2 2 2  //C56
6 8 3 8  //C57
0 9 3 7  //C58
4 1 2 4  //C59
7 1 2 5  //C60
9 4 3 7  //C61
4 1 9 9  //C62
8 6 4 5  //C63
5 3 0 2  //C64
6 6 8 2  //C65
3 8 4 5  //C66
3 5 2 7  //C67
0 1 6 7  //C68
8 7 0 3  //C69
9 4 8 4  //C70
8 3 9 3  //C71
4 8 2 0  //C72
0 0 7 1  //C73
3 0 2 0  //C74
9 7 3 9  //C75
8 2 9 7  //C76
9 6 7 8  //C77
3 6 3 1  //C78
8 3 3 9  //C79
8 1 0 5  //C80
3 2 6 9  //C81
3 4 4 8  //C82
5 9 4 1  //C83
0 8 6 6  //C84
3 2 3 8  //C85
1 4 7 4  //C86
7 6 3 9  //C87
6 2 1 8  //C88
6 8 6 6  //C89
5 9 3 4  //C90
1 9 3 3  //C91
2 1 0 9  //C92
7 7 6 5  //C93
7 2 4 8  //C94
5 2 2 7  //C95
1 5 2 2  //C96
8 5 4 2  //C97
2 0 0 3  //C98
9 9 6 2  //C99
