1 // server
4 // machine
100 // customer

 //p, q, a
8 2 0 //M0
7 5 0 //M1
8 6 0 //M2
6 5 0 //M3

 M0  M1  M2  M3 
1 7 3 2  //C0
1 5 2 2  //C1
8 8 3 6  //C2
6 6 7 8  //C3
7 3 3 1  //C4
4 3 3 6  //C5
0 4 5 4  //C6
2 2 3 5  //C7
2 6 9 8  //C8
7 4 5 2  //C9
6 3 6 0  //C10
7 4 4 1  //C11
3 8 7 4  //C12
1 4 9 8  //C13
3 7 2 6  //C14
0 8 9 5  //C15
5 7 4 9  //C16
7 8 0 2  //C17
8 1 5 0  //C18
7 3 8 5  //C19
0 3 0 3  //C20
5 8 4 8  //C21
6 1 4 0  //C22
2 8 1 8  //C23
4 0 5 0  //C24
0 4 4 4  //C25
7 4 6 0  //C26
9 9 1 0  //C27
8 6 5 7  //C28
7 5 0 6  //C29
3 6 3 5  //C30
3 0 0 9  //C31
9 6 6 6  //C32
7 8 5 5  //C33
8 6 6 0  //C34
2 4 8 6  //C35
0 4 1 5  //C36
3 4 1 8  //C37
9 9 7 4  //C38
1 9 0 7  //C39
4 7 0 2  //C40
3 4 3 9  //C41
0 9 8 0  //C42
9 0 3 9  //C43
7 6 5 9  //C44
8 5 6 4  //C45
5 7 7 7  //C46
1 1 4 9  //C47
5 8 6 5  //C48
3 5 3 6  //C49
0 1 4 3  //C50
5 0 9 8  //C51
6 8 6 4  //C52
4 0 8 8  //C53
0 5 7 6  //C54
6 5 8 9  //C55
5 9 5 0  //C56
4 7 5 1  //C57
3 8 9 6  //C58
0 2 9 5  //C59
7 8 1 3  //C60
5 0 5 4  //C61
0 7 4 7  //C62
8 7 9 4  //C63
3 5 8 5  //C64
5 9 4 8  //C65
2 5 0 5  //C66
1 1 7 8  //C67
6 2 8 8  //C68
3 5 4 4  //C69
4 0 0 7  //C70
3 8 2 6  //C71
9 4 3 5  //C72
4 3 9 8  //C73
4 3 0 9  //C74
9 0 3 8  //C75
9 6 0 6  //C76
8 0 1 7  //C77
0 3 1 5  //C78
8 7 5 3  //C79
2 4 5 7  //C80
8 2 3 3  //C81
2 0 4 0  //C82
4 4 5 4  //C83
7 1 7 6  //C84
7 5 8 8  //C85
3 6 4 1  //C86
1 4 9 6  //C87
8 6 7 5  //C88
4 5 9 7  //C89
3 7 4 8  //C90
6 0 2 6  //C91
8 7 7 7  //C92
9 8 6 7  //C93
6 7 4 2  //C94
7 1 1 8  //C95
0 7 2 8  //C96
7 9 9 1  //C97
1 0 2 0  //C98
1 9 2 2  //C99
