1 // server
5 // machine
100 // customer

 //p, q, a
6 2 0 //M0
1 4 0 //M1
4 2 0 //M2
7 6 0 //M3
4 6 0 //M4

 M0  M1  M2  M3  M4 
2 7 0 5 8  //C0
4 9 4 2 2  //C1
9 1 0 5 1  //C2
6 9 4 3 1  //C3
4 4 6 7 2  //C4
6 9 4 2 8  //C5
4 2 2 0 5  //C6
4 3 1 9 5  //C7
5 2 4 0 1  //C8
4 9 5 1 7  //C9
1 2 1 1 0  //C10
8 0 3 2 1  //C11
5 4 1 4 7  //C12
6 9 9 9 7  //C13
3 7 5 8 6  //C14
2 0 6 5 8  //C15
6 3 3 5 6  //C16
2 0 0 9 7  //C17
3 9 9 7 9  //C18
1 0 9 2 4  //C19
4 0 5 4 4  //C20
4 6 3 5 8  //C21
7 4 7 4 4  //C22
1 0 6 8 5  //C23
6 8 9 2 3  //C24
3 8 8 8 5  //C25
1 0 3 1 3  //C26
6 7 9 1 2  //C27
6 6 4 1 9  //C28
9 1 4 2 8  //C29
0 3 1 7 8  //C30
5 0 3 0 0  //C31
5 8 5 0 6  //C32
7 0 6 0 8  //C33
3 1 5 5 8  //C34
9 4 8 3 4  //C35
2 3 5 9 4  //C36
8 8 6 2 8  //C37
6 4 8 1 6  //C38
7 1 4 4 1  //C39
8 4 3 4 4  //C40
9 8 5 8 8  //C41
1 1 9 6 8  //C42
1 2 5 6 8  //C43
8 4 4 2 1  //C44
8 2 4 8 0  //C45
8 9 4 1 5  //C46
7 0 1 4 4  //C47
0 2 7 3 6  //C48
4 5 1 2 5  //C49
5 5 8 6 2  //C50
4 0 0 2 5  //C51
6 3 7 7 0  //C52
2 7 7 1 0  //C53
1 0 0 1 8  //C54
5 6 0 6 6  //C55
3 1 1 3 5  //C56
2 1 8 8 0  //C57
6 9 9 8 7  //C58
6 5 0 3 4  //C59
7 7 0 1 3  //C60
4 4 6 7 7  //C61
8 0 4 5 2  //C62
5 1 3 1 7  //C63
0 9 8 0 4  //C64
2 0 1 3 1  //C65
9 5 6 1 9  //C66
6 1 9 9 0  //C67
8 4 0 1 1  //C68
5 4 4 6 2  //C69
4 2 8 5 3  //C70
7 8 9 7 1  //C71
3 2 2 5 7  //C72
2 3 3 5 6  //C73
4 2 3 1 9  //C74
6 9 6 8 8  //C75
7 6 5 1 7  //C76
7 7 1 7 1  //C77
7 1 2 8 6  //C78
5 1 4 4 8  //C79
2 1 8 0 7  //C80
2 8 7 5 7  //C81
8 1 0 8 3  //C82
7 7 1 8 9  //C83
5 2 5 3 8  //C84
2 9 5 4 4  //C85
4 4 1 9 6  //C86
6 7 4 3 4  //C87
8 9 5 0 3  //C88
5 1 3 4 9  //C89
7 0 5 5 3  //C90
0 6 4 1 5  //C91
2 3 2 0 3  //C92
3 0 0 1 7  //C93
9 2 7 3 0  //C94
5 6 4 0 3  //C95
1 5 0 5 7  //C96
3 9 6 6 6  //C97
0 2 3 8 2  //C98
4 7 5 6 9  //C99
