1 // server
3 // machine
200 // customer

 //p, q, a
2 4 0 //M0
6 2 0 //M1
1 6 0 //M2

 M0  M1  M2 
3 4 6  //C0
0 0 7  //C1
6 2 7  //C2
1 5 7  //C3
7 8 9  //C4
0 4 5  //C5
1 6 8  //C6
1 0 7  //C7
2 4 1  //C8
3 9 3  //C9
9 9 3  //C10
2 0 8  //C11
3 0 8  //C12
2 0 6  //C13
2 5 9  //C14
9 8 0  //C15
8 0 8  //C16
0 9 4  //C17
7 1 3  //C18
9 8 5  //C19
6 2 3  //C20
4 2 5  //C21
4 5 7  //C22
0 6 3  //C23
7 9 6  //C24
1 8 4  //C25
7 2 5  //C26
0 5 8  //C27
4 8 0  //C28
8 5 9  //C29
5 4 1  //C30
2 6 7  //C31
3 8 3  //C32
3 5 3  //C33
3 7 4  //C34
5 3 0  //C35
8 5 2  //C36
8 1 6  //C37
0 5 7  //C38
4 0 3  //C39
5 5 9  //C40
8 5 2  //C41
2 5 2  //C42
8 8 0  //C43
1 4 6  //C44
2 7 8  //C45
4 9 5  //C46
9 0 9  //C47
6 7 2  //C48
5 2 0  //C49
0 8 7  //C50
0 8 0  //C51
3 4 1  //C52
1 3 7  //C53
7 9 7  //C54
1 7 7  //C55
9 7 7  //C56
8 0 1  //C57
8 5 5  //C58
0 1 8  //C59
9 6 3  //C60
2 8 0  //C61
3 1 6  //C62
6 8 2  //C63
6 2 6  //C64
7 2 0  //C65
2 4 0  //C66
5 6 4  //C67
2 1 7  //C68
6 1 2  //C69
4 3 2  //C70
3 1 6  //C71
4 5 0  //C72
7 8 5  //C73
0 2 9  //C74
5 1 8  //C75
5 1 2  //C76
4 8 7  //C77
7 3 0  //C78
8 9 6  //C79
2 6 9  //C80
3 1 5  //C81
9 3 0  //C82
9 2 7  //C83
9 5 6  //C84
4 4 3  //C85
5 7 0  //C86
9 1 0  //C87
9 0 4  //C88
5 5 8  //C89
5 6 5  //C90
4 4 2  //C91
6 7 0  //C92
3 5 8  //C93
7 5 9  //C94
5 4 3  //C95
1 3 8  //C96
7 3 1  //C97
6 3 4  //C98
9 3 1  //C99
0 4 7  //C100
2 4 6  //C101
1 5 0  //C102
4 8 7  //C103
2 1 2  //C104
1 1 6  //C105
0 4 6  //C106
1 4 1  //C107
9 8 2  //C108
4 7 0  //C109
7 6 3  //C110
9 3 1  //C111
0 5 1  //C112
2 3 8  //C113
2 7 5  //C114
1 4 1  //C115
9 4 2  //C116
8 8 9  //C117
4 8 9  //C118
5 3 5  //C119
3 7 8  //C120
0 6 1  //C121
4 2 8  //C122
1 1 6  //C123
5 8 0  //C124
7 9 7  //C125
6 8 3  //C126
0 5 3  //C127
8 8 7  //C128
3 4 4  //C129
1 5 2  //C130
5 9 6  //C131
0 2 0  //C132
4 6 1  //C133
3 7 3  //C134
6 3 0  //C135
8 7 8  //C136
2 9 4  //C137
1 2 2  //C138
5 1 8  //C139
4 0 8  //C140
3 9 5  //C141
3 9 9  //C142
4 6 7  //C143
7 2 1  //C144
2 7 7  //C145
9 2 5  //C146
6 5 7  //C147
5 9 5  //C148
7 4 6  //C149
3 5 0  //C150
1 9 5  //C151
3 9 8  //C152
7 2 4  //C153
1 3 0  //C154
1 4 7  //C155
3 9 5  //C156
5 5 9  //C157
3 7 5  //C158
1 7 0  //C159
9 6 5  //C160
2 0 1  //C161
7 5 2  //C162
5 9 7  //C163
9 1 9  //C164
1 5 1  //C165
6 4 4  //C166
8 3 5  //C167
0 8 9  //C168
0 8 2  //C169
0 2 1  //C170
7 8 5  //C171
8 8 2  //C172
9 3 9  //C173
4 7 0  //C174
7 5 4  //C175
9 1 2  //C176
3 4 2  //C177
5 0 2  //C178
0 2 2  //C179
1 6 6  //C180
9 5 6  //C181
6 1 3  //C182
3 2 6  //C183
8 6 1  //C184
4 4 6  //C185
4 3 2  //C186
5 1 6  //C187
0 6 7  //C188
9 2 7  //C189
3 8 6  //C190
0 8 7  //C191
2 4 2  //C192
3 1 4  //C193
0 5 9  //C194
6 5 7  //C195
1 1 6  //C196
6 5 9  //C197
9 5 5  //C198
9 9 8  //C199
