1 // server
5 // machine
50 // customer

 //p, q, a
9 3 0 //M0
6 4 0 //M1
7 3 0 //M2
2 3 0 //M3
2 5 0 //M4

 M0  M1  M2  M3  M4 
7 9 4 9 4  //C0
1 4 0 2 7  //C1
3 2 2 2 8  //C2
5 4 3 8 6  //C3
2 8 7 6 2  //C4
4 0 0 7 7  //C5
5 7 6 2 6  //C6
6 6 4 9 7  //C7
1 3 6 4 2  //C8
7 9 3 4 0  //C9
7 8 3 4 1  //C10
8 1 7 7 9  //C11
1 3 3 4 1  //C12
5 5 0 5 1  //C13
9 0 3 0 5  //C14
9 2 2 4 4  //C15
4 7 5 6 9  //C16
7 3 1 0 8  //C17
5 8 6 0 6  //C18
7 0 1 3 7  //C19
1 9 7 3 1  //C20
7 5 3 9 2  //C21
6 8 3 3 5  //C22
4 8 7 4 3  //C23
1 4 9 7 6  //C24
1 4 3 4 8  //C25
8 0 9 6 2  //C26
5 9 2 5 2  //C27
2 0 2 8 1  //C28
6 5 3 4 1  //C29
9 2 7 9 6  //C30
7 9 0 7 9  //C31
3 1 8 1 3  //C32
5 9 6 0 9  //C33
5 5 2 2 1  //C34
0 1 0 5 9  //C35
5 0 8 2 8  //C36
6 3 9 0 5  //C37
6 9 5 5 9  //C38
0 1 0 5 5  //C39
7 8 2 4 6  //C40
3 0 4 8 5  //C41
5 8 4 7 4  //C42
2 3 6 2 6  //C43
2 0 6 4 3  //C44
5 0 6 3 1  //C45
8 0 5 9 2  //C46
7 8 3 6 5  //C47
5 8 1 4 9  //C48
7 4 7 1 6  //C49
