1 // server
4 // machine
50 // customer

 //p, q, a
7 7 0 //M0
2 3 0 //M1
2 9 0 //M2
2 7 0 //M3

 M0  M1  M2  M3 
6 1 1 1  //C0
4 4 3 8  //C1
7 4 8 6  //C2
0 7 9 7  //C3
9 5 0 4  //C4
2 3 1 6  //C5
2 5 6 4  //C6
1 5 3 6  //C7
1 2 5 6  //C8
6 4 0 6  //C9
7 7 7 3  //C10
2 2 4 0  //C11
7 4 1 6  //C12
9 6 4 2  //C13
0 4 9 8  //C14
8 8 6 2  //C15
1 2 4 7  //C16
1 2 0 5  //C17
4 3 7 5  //C18
5 8 4 9  //C19
0 5 6 7  //C20
3 6 6 4  //C21
8 2 6 2  //C22
4 1 7 8  //C23
0 5 1 9  //C24
7 7 8 5  //C25
4 6 1 6  //C26
9 9 6 1  //C27
9 9 7 2  //C28
2 9 8 4  //C29
6 9 9 9  //C30
5 7 1 3  //C31
6 8 4 0  //C32
6 4 1 3  //C33
7 1 3 7  //C34
5 0 5 9  //C35
6 5 2 4  //C36
4 4 6 1  //C37
7 7 3 7  //C38
8 9 9 6  //C39
5 8 0 0  //C40
4 6 4 5  //C41
7 4 5 0  //C42
6 1 8 5  //C43
4 0 2 0  //C44
5 6 8 1  //C45
2 3 3 9  //C46
1 4 5 7  //C47
1 6 2 7  //C48
0 4 4 9  //C49
