1 // server
5 // machine
200 // customer

 //p, q, a
6 7 0 //M0
3 6 0 //M1
9 6 0 //M2
3 5 0 //M3
5 2 0 //M4

 M0  M1  M2  M3  M4 
5 6 9 3 2  //C0
4 3 7 0 5  //C1
8 6 0 3 8  //C2
9 6 5 1 2  //C3
4 8 6 1 3  //C4
8 8 6 8 3  //C5
3 8 7 1 0  //C6
8 3 5 0 3  //C7
7 0 1 0 7  //C8
9 6 8 6 9  //C9
8 7 3 2 5  //C10
6 9 7 9 3  //C11
5 7 8 7 1  //C12
0 9 9 2 9  //C13
6 1 4 8 5  //C14
4 7 6 3 4  //C15
2 9 9 9 5  //C16
6 5 4 5 3  //C17
9 5 5 7 7  //C18
0 1 4 8 7  //C19
9 6 6 7 3  //C20
6 2 4 7 1  //C21
9 3 3 4 0  //C22
5 7 9 1 5  //C23
5 4 3 8 0  //C24
0 5 7 0 4  //C25
2 3 7 6 4  //C26
5 3 2 6 8  //C27
3 0 6 4 4  //C28
5 2 1 6 1  //C29
2 2 2 3 1  //C30
4 3 7 6 2  //C31
0 5 3 2 9  //C32
6 5 6 9 5  //C33
2 4 3 3 1  //C34
5 8 9 4 4  //C35
8 4 1 9 2  //C36
9 0 4 5 9  //C37
2 6 6 3 7  //C38
8 6 3 5 7  //C39
0 5 1 1 9  //C40
8 8 8 1 6  //C41
6 3 2 2 3  //C42
6 3 4 0 9  //C43
5 1 1 0 2  //C44
5 8 9 5 3  //C45
8 4 4 6 4  //C46
3 3 0 0 3  //C47
1 1 3 8 3  //C48
9 3 3 9 1  //C49
5 1 3 5 2  //C50
8 3 1 8 3  //C51
0 8 3 7 7  //C52
2 9 6 7 0  //C53
3 2 4 7 8  //C54
3 8 3 6 3  //C55
2 4 0 4 8  //C56
6 1 8 4 5  //C57
9 1 1 6 3  //C58
2 8 5 0 0  //C59
9 7 6 9 7  //C60
2 7 5 7 8  //C61
0 0 4 5 0  //C62
6 8 8 9 1  //C63
1 0 1 2 1  //C64
1 0 7 4 5  //C65
4 2 2 6 3  //C66
5 8 0 6 6  //C67
8 5 1 5 4  //C68
8 7 6 6 6  //C69
3 0 5 9 9  //C70
9 5 3 7 5  //C71
1 0 1 1 4  //C72
7 8 8 2 5  //C73
7 7 1 3 2  //C74
6 9 5 7 3  //C75
4 4 1 7 2  //C76
4 7 3 6 3  //C77
9 4 3 0 4  //C78
8 3 0 1 7  //C79
0 8 3 0 9  //C80
6 8 2 7 3  //C81
0 9 6 4 1  //C82
6 9 4 9 9  //C83
0 5 1 8 6  //C84
3 4 0 8 3  //C85
2 8 4 0 3  //C86
5 1 0 8 6  //C87
5 4 5 3 3  //C88
9 8 9 9 7  //C89
8 9 1 2 6  //C90
5 7 4 3 5  //C91
1 8 3 3 1  //C92
1 5 5 0 5  //C93
5 9 6 2 3  //C94
6 9 8 4 7  //C95
4 4 1 1 5  //C96
3 7 2 3 8  //C97
8 6 6 2 4  //C98
7 0 2 2 2  //C99
3 2 8 3 2  //C100
9 2 8 8 0  //C101
5 8 9 6 1  //C102
7 7 2 8 7  //C103
3 3 1 2 7  //C104
9 2 3 8 5  //C105
5 7 6 2 3  //C106
1 5 7 9 5  //C107
0 9 3 3 2  //C108
0 6 9 1 6  //C109
0 8 3 4 8  //C110
0 1 6 6 2  //C111
7 8 9 2 4  //C112
8 1 7 3 9  //C113
1 9 3 2 7  //C114
4 9 8 9 6  //C115
2 2 2 1 5  //C116
7 3 2 3 2  //C117
0 9 0 6 8  //C118
1 9 1 8 4  //C119
8 9 6 2 5  //C120
0 4 1 6 4  //C121
1 2 6 9 9  //C122
4 6 8 7 7  //C123
4 9 3 0 8  //C124
2 9 7 3 5  //C125
4 7 9 5 8  //C126
3 6 0 6 4  //C127
3 2 5 9 1  //C128
7 3 0 6 4  //C129
5 1 4 1 0  //C130
9 5 5 3 2  //C131
1 7 7 0 9  //C132
3 3 1 1 6  //C133
7 5 1 3 3  //C134
2 3 4 9 1  //C135
9 9 0 9 0  //C136
3 3 7 5 9  //C137
8 1 7 3 2  //C138
5 4 4 9 8  //C139
4 1 8 0 6  //C140
9 9 0 7 7  //C141
5 0 5 2 3  //C142
2 6 7 0 5  //C143
9 5 6 2 7  //C144
6 8 7 0 8  //C145
7 9 4 0 7  //C146
7 0 0 3 1  //C147
4 3 9 7 4  //C148
7 5 4 0 0  //C149
9 6 4 4 9  //C150
8 5 6 2 0  //C151
0 2 0 9 0  //C152
6 6 5 5 6  //C153
2 5 4 9 1  //C154
6 6 8 7 0  //C155
0 3 7 0 8  //C156
0 4 0 1 8  //C157
1 3 8 3 0  //C158
1 2 0 7 8  //C159
1 0 9 3 8  //C160
3 2 5 2 3  //C161
1 6 8 2 9  //C162
6 4 0 0 9  //C163
1 5 3 6 5  //C164
8 7 1 8 9  //C165
3 6 1 9 8  //C166
9 4 3 1 5  //C167
8 9 8 8 6  //C168
4 4 5 3 4  //C169
7 2 9 7 6  //C170
5 7 3 8 9  //C171
5 1 6 2 9  //C172
5 4 9 3 9  //C173
2 1 8 5 1  //C174
1 7 4 9 0  //C175
4 2 8 4 2  //C176
0 6 4 3 3  //C177
2 1 4 2 9  //C178
6 2 5 8 1  //C179
9 5 2 3 1  //C180
5 4 4 5 5  //C181
8 2 3 8 5  //C182
3 3 2 9 9  //C183
9 0 6 0 6  //C184
1 6 6 5 4  //C185
8 1 5 8 0  //C186
9 9 4 2 6  //C187
6 2 8 7 4  //C188
0 7 6 7 6  //C189
3 0 5 9 1  //C190
9 9 2 6 0  //C191
9 7 8 1 6  //C192
6 6 5 7 5  //C193
3 8 9 2 2  //C194
6 1 8 5 6  //C195
3 0 9 8 0  //C196
8 5 6 6 1  //C197
0 7 7 1 7  //C198
8 3 7 1 8  //C199
