1 // server
5 // machine
30 // customer

 //p, q, a
1 8 0 //M0
7 3 0 //M1
4 9 0 //M2
4 5 0 //M3
5 4 0 //M4

 M0  M1  M2  M3  M4 
6 0 3 5 2  //C0
2 8 1 3 2  //C1
0 4 9 4 8  //C2
4 4 1 6 4  //C3
6 3 0 3 1  //C4
7 6 4 2 6  //C5
8 7 3 5 5  //C6
9 6 1 9 8  //C7
2 9 8 8 0  //C8
5 8 3 3 9  //C9
5 1 8 9 6  //C10
2 0 9 3 4  //C11
5 3 9 7 3  //C12
2 1 3 8 8  //C13
8 2 2 7 1  //C14
7 5 2 3 6  //C15
8 3 1 2 0  //C16
7 9 3 9 2  //C17
9 6 7 4 3  //C18
9 9 1 4 7  //C19
4 4 4 5 0  //C20
3 9 0 7 9  //C21
7 7 6 7 6  //C22
2 2 6 6 6  //C23
2 8 4 5 8  //C24
2 4 7 4 2  //C25
7 4 7 5 1  //C26
4 8 6 2 7  //C27
7 8 5 0 5  //C28
2 9 0 8 1  //C29
