1 // server
4 // machine
100 // customer

 //p, q, a
9 4 0 //M0
1 7 0 //M1
7 2 0 //M2
7 4 0 //M3

 M0  M1  M2  M3 
3 4 7 2  //C0
8 7 5 4  //C1
4 6 7 3  //C2
0 8 5 8  //C3
6 4 2 0  //C4
2 6 2 1  //C5
3 0 9 8  //C6
1 0 4 5  //C7
4 4 4 8  //C8
3 0 4 4  //C9
0 0 7 8  //C10
7 3 7 0  //C11
7 1 9 2  //C12
7 7 0 7  //C13
2 5 9 8  //C14
8 6 2 3  //C15
2 1 9 6  //C16
3 6 4 6  //C17
9 8 0 2  //C18
8 4 4 0  //C19
2 8 0 0  //C20
0 1 7 7  //C21
3 7 6 8  //C22
1 6 5 3  //C23
7 3 5 5  //C24
3 1 7 1  //C25
6 3 2 9  //C26
7 8 8 8  //C27
1 9 6 9  //C28
6 2 3 0  //C29
3 2 2 5  //C30
9 6 4 3  //C31
2 6 4 4  //C32
8 8 6 0  //C33
1 9 4 6  //C34
9 8 9 4  //C35
8 8 7 2  //C36
0 6 7 4  //C37
0 5 1 1  //C38
9 1 1 9  //C39
9 9 7 0  //C40
3 4 0 2  //C41
2 5 7 6  //C42
7 7 1 5  //C43
2 8 7 1  //C44
9 2 2 5  //C45
9 9 4 2  //C46
7 5 0 0  //C47
7 4 7 9  //C48
0 9 0 4  //C49
8 5 9 4  //C50
8 0 6 3  //C51
4 5 8 0  //C52
3 0 0 6  //C53
7 1 1 3  //C54
9 7 4 7  //C55
5 7 9 3  //C56
9 1 5 3  //C57
7 2 3 3  //C58
2 7 7 9  //C59
3 1 8 1  //C60
6 0 6 6  //C61
4 0 2 8  //C62
8 6 5 0  //C63
0 1 9 1  //C64
0 3 3 2  //C65
0 4 3 1  //C66
7 6 3 9  //C67
4 1 0 8  //C68
9 2 0 4  //C69
0 3 9 9  //C70
9 6 5 0  //C71
7 2 3 0  //C72
8 5 8 9  //C73
7 5 1 2  //C74
7 5 8 7  //C75
6 3 4 6  //C76
5 6 0 7  //C77
1 4 1 6  //C78
4 4 3 3  //C79
9 2 4 5  //C80
3 2 0 8  //C81
2 1 1 4  //C82
1 8 7 5  //C83
4 1 2 5  //C84
1 9 5 0  //C85
1 5 9 3  //C86
4 1 4 3  //C87
1 7 3 4  //C88
0 3 3 3  //C89
2 6 3 4  //C90
5 6 6 2  //C91
6 6 2 2  //C92
2 8 2 9  //C93
7 4 3 7  //C94
2 7 3 1  //C95
7 8 3 3  //C96
5 2 4 1  //C97
8 8 3 4  //C98
5 0 4 5  //C99
