1 // server
5 // machine
100 // customer

 //p, q, a
9 5 0 //M0
4 9 0 //M1
4 2 0 //M2
1 9 0 //M3
7 3 0 //M4

 M0  M1  M2  M3  M4 
8 5 9 1 2  //C0
3 8 7 0 9  //C1
5 0 3 3 2  //C2
4 3 7 4 3  //C3
8 7 4 9 2  //C4
7 0 8 8 3  //C5
8 7 2 6 5  //C6
8 1 4 3 0  //C7
2 4 1 7 7  //C8
8 0 0 7 9  //C9
6 2 4 3 3  //C10
0 1 9 8 4  //C11
3 0 9 7 0  //C12
7 7 6 8 4  //C13
2 9 4 4 1  //C14
4 6 7 2 3  //C15
6 9 0 9 6  //C16
6 3 9 3 4  //C17
6 1 5 8 7  //C18
1 4 3 6 9  //C19
0 4 2 3 6  //C20
7 8 0 1 8  //C21
4 3 6 5 7  //C22
3 9 0 1 4  //C23
4 8 3 4 7  //C24
0 3 6 7 9  //C25
0 2 0 2 3  //C26
2 7 7 2 8  //C27
8 2 7 4 0  //C28
2 5 0 0 3  //C29
2 4 2 2 5  //C30
2 0 7 6 5  //C31
3 1 3 2 8  //C32
1 3 3 1 5  //C33
6 2 7 2 6  //C34
1 1 8 4 4  //C35
5 3 5 3 7  //C36
5 0 8 7 0  //C37
1 9 0 7 5  //C38
6 9 4 5 8  //C39
9 1 8 5 7  //C40
9 7 9 5 3  //C41
0 1 3 2 9  //C42
9 6 9 4 2  //C43
0 4 6 0 3  //C44
6 1 9 6 0  //C45
2 6 3 5 4  //C46
3 5 0 6 7  //C47
8 1 2 3 0  //C48
0 5 8 7 5  //C49
0 0 9 3 8  //C50
4 5 7 2 1  //C51
7 7 2 5 1  //C52
4 8 8 7 6  //C53
4 5 3 7 4  //C54
9 2 2 0 3  //C55
0 3 1 1 9  //C56
2 6 9 6 9  //C57
7 7 8 5 9  //C58
1 8 7 1 5  //C59
1 7 0 1 0  //C60
4 6 2 9 8  //C61
2 3 6 8 0  //C62
4 5 1 5 9  //C63
7 8 1 7 8  //C64
7 7 8 7 2  //C65
1 4 0 5 1  //C66
3 3 9 0 5  //C67
5 3 0 8 7  //C68
4 1 9 4 5  //C69
5 6 1 1 7  //C70
2 5 2 3 3  //C71
7 8 4 6 7  //C72
7 2 1 7 6  //C73
1 5 1 0 4  //C74
4 7 3 0 3  //C75
5 7 3 2 7  //C76
4 3 8 7 9  //C77
8 0 6 6 8  //C78
6 9 4 0 9  //C79
2 9 2 8 4  //C80
9 5 1 7 3  //C81
4 1 2 9 7  //C82
9 4 2 9 3  //C83
4 3 3 8 8  //C84
1 9 4 1 7  //C85
4 3 3 0 1  //C86
6 5 5 8 7  //C87
9 1 1 3 4  //C88
6 7 6 8 8  //C89
1 6 5 7 5  //C90
8 6 4 0 3  //C91
0 1 9 9 8  //C92
1 8 2 8 1  //C93
3 9 4 1 3  //C94
2 1 9 3 1  //C95
3 2 5 3 5  //C96
7 8 5 4 2  //C97
9 1 4 5 6  //C98
7 2 1 5 3  //C99
