1 // server
4 // machine
50 // customer

 //p, q, a
2 2 0 //M0
6 7 0 //M1
8 2 0 //M2
8 2 0 //M3

 M0  M1  M2  M3 
4 8 9 4  //C0
4 9 1 8  //C1
4 1 2 0  //C2
3 9 1 8  //C3
7 1 3 0  //C4
7 8 3 8  //C5
4 4 1 1  //C6
1 1 5 8  //C7
9 3 9 5  //C8
6 4 4 1  //C9
7 7 0 2  //C10
0 9 3 1  //C11
0 7 9 6  //C12
7 6 2 5  //C13
4 0 9 9  //C14
8 0 7 2  //C15
6 4 0 9  //C16
9 5 2 2  //C17
7 2 3 0  //C18
8 0 8 4  //C19
0 9 1 3  //C20
2 8 0 2  //C21
1 4 0 5  //C22
5 4 2 7  //C23
0 8 6 5  //C24
8 3 2 4  //C25
5 6 9 5  //C26
3 2 7 4  //C27
2 4 9 9  //C28
9 3 0 8  //C29
3 8 8 4  //C30
5 6 7 2  //C31
9 6 0 0  //C32
4 2 6 6  //C33
6 6 8 5  //C34
8 5 8 9  //C35
7 6 2 0  //C36
4 3 7 6  //C37
7 7 1 0  //C38
5 8 9 8  //C39
9 6 6 7  //C40
2 6 9 0  //C41
8 3 2 2  //C42
5 5 9 8  //C43
9 8 7 9  //C44
4 7 7 5  //C45
8 3 2 6  //C46
0 5 0 8  //C47
7 9 5 1  //C48
9 1 7 0  //C49
