1 // server
5 // machine
50 // customer

 //p, q, a
9 4 0 //M0
1 3 0 //M1
5 5 0 //M2
5 8 0 //M3
4 6 0 //M4

 M0  M1  M2  M3  M4 
5 0 2 1 9  //C0
4 6 7 0 8  //C1
5 9 3 4 7  //C2
1 4 2 1 4  //C3
1 1 3 0 4  //C4
4 1 4 3 2  //C5
7 7 9 3 0  //C6
5 6 0 8 6  //C7
1 0 0 0 7  //C8
0 0 5 4 3  //C9
0 2 6 9 3  //C10
4 7 1 7 5  //C11
2 2 4 8 1  //C12
8 9 0 3 2  //C13
5 3 4 5 2  //C14
0 1 2 3 3  //C15
4 5 9 9 1  //C16
5 0 9 9 6  //C17
8 4 3 2 3  //C18
8 5 2 9 9  //C19
0 0 1 2 8  //C20
7 7 1 6 2  //C21
3 5 7 3 0  //C22
6 3 4 6 6  //C23
7 9 0 7 3  //C24
0 9 1 2 3  //C25
4 8 2 4 2  //C26
4 4 6 0 4  //C27
7 9 2 6 3  //C28
2 7 9 2 6  //C29
5 0 5 3 1  //C30
1 9 4 8 8  //C31
7 5 8 3 7  //C32
4 2 3 1 6  //C33
2 6 4 1 8  //C34
8 6 3 4 1  //C35
3 0 9 5 7  //C36
3 2 9 2 1  //C37
4 0 7 2 7  //C38
2 0 9 9 8  //C39
0 4 8 5 4  //C40
9 6 4 5 3  //C41
4 5 0 7 5  //C42
7 6 3 5 3  //C43
1 3 0 9 2  //C44
2 8 1 4 6  //C45
7 7 4 5 0  //C46
8 1 4 0 8  //C47
6 8 3 9 7  //C48
8 0 9 7 0  //C49
