1 // server
5 // machine
200 // customer

 //p, q, a
4 4 0 //M0
6 4 0 //M1
4 2 0 //M2
4 7 0 //M3
5 9 0 //M4

 M0  M1  M2  M3  M4 
6 5 5 9 0  //C0
6 0 9 2 3  //C1
0 9 4 7 8  //C2
4 2 2 6 7  //C3
0 3 7 7 2  //C4
6 1 0 8 0  //C5
5 7 5 3 0  //C6
9 6 0 5 0  //C7
6 1 2 6 0  //C8
5 8 9 4 0  //C9
7 1 9 8 9  //C10
3 7 7 7 3  //C11
4 9 0 1 8  //C12
3 4 1 6 8  //C13
8 1 6 6 0  //C14
8 1 1 7 7  //C15
8 2 6 8 2  //C16
3 7 6 4 7  //C17
1 8 3 2 6  //C18
6 1 0 7 6  //C19
1 7 3 6 2  //C20
6 4 3 8 0  //C21
1 6 0 9 4  //C22
1 3 2 8 4  //C23
6 7 7 8 6  //C24
9 7 4 9 3  //C25
7 0 3 1 6  //C26
1 9 9 6 6  //C27
9 3 8 4 5  //C28
5 7 4 8 4  //C29
2 8 1 3 0  //C30
3 0 4 9 2  //C31
8 0 3 4 2  //C32
1 2 9 3 3  //C33
2 4 6 2 5  //C34
2 8 2 2 1  //C35
2 3 5 5 0  //C36
8 8 0 0 2  //C37
1 4 0 3 8  //C38
8 9 4 1 4  //C39
2 8 1 4 1  //C40
8 2 9 7 7  //C41
5 7 1 7 0  //C42
4 4 8 3 3  //C43
3 2 8 0 2  //C44
7 3 2 3 7  //C45
2 3 0 8 8  //C46
3 2 1 4 1  //C47
5 8 2 3 6  //C48
3 2 2 3 3  //C49
3 1 0 8 0  //C50
0 0 0 2 3  //C51
5 0 5 0 4  //C52
2 6 3 9 6  //C53
2 3 4 1 7  //C54
4 9 4 3 8  //C55
5 0 8 0 3  //C56
1 3 2 7 7  //C57
2 1 9 0 6  //C58
5 2 1 8 4  //C59
7 9 3 6 1  //C60
0 7 8 0 6  //C61
0 5 6 3 8  //C62
4 2 5 7 3  //C63
9 4 5 2 4  //C64
0 4 3 5 2  //C65
1 8 6 9 1  //C66
6 7 1 8 3  //C67
3 4 2 1 6  //C68
7 5 5 1 1  //C69
3 7 4 5 5  //C70
3 3 1 2 0  //C71
5 3 3 7 4  //C72
2 9 7 2 2  //C73
7 0 6 3 0  //C74
4 1 4 5 6  //C75
5 8 1 3 9  //C76
4 4 0 3 8  //C77
2 6 9 8 7  //C78
9 0 4 6 4  //C79
7 7 3 9 4  //C80
2 0 0 4 0  //C81
1 8 5 5 5  //C82
6 1 9 8 0  //C83
8 8 4 3 9  //C84
0 1 8 6 0  //C85
3 6 8 0 9  //C86
7 5 2 9 6  //C87
3 3 5 2 6  //C88
4 0 3 2 0  //C89
7 1 6 5 6  //C90
8 3 9 0 3  //C91
1 2 4 4 6  //C92
4 0 5 6 7  //C93
1 9 0 1 7  //C94
4 2 1 6 4  //C95
9 8 5 5 2  //C96
2 0 2 4 0  //C97
4 6 1 5 5  //C98
0 9 1 5 2  //C99
4 5 6 5 9  //C100
7 0 5 7 1  //C101
6 1 2 5 4  //C102
3 6 8 1 4  //C103
4 7 1 5 2  //C104
4 8 5 6 6  //C105
5 1 5 4 0  //C106
4 1 0 6 5  //C107
1 4 4 2 4  //C108
2 4 5 1 1  //C109
4 1 9 1 8  //C110
6 4 0 2 5  //C111
9 5 9 1 6  //C112
4 6 7 4 9  //C113
1 5 1 6 2  //C114
9 2 8 1 0  //C115
9 2 4 4 2  //C116
3 1 4 6 4  //C117
0 0 8 0 5  //C118
6 5 3 6 9  //C119
6 6 1 1 9  //C120
8 9 2 9 8  //C121
4 5 9 1 5  //C122
6 1 4 8 2  //C123
2 1 1 0 8  //C124
1 7 0 1 6  //C125
3 8 1 1 3  //C126
2 1 2 4 3  //C127
4 8 5 7 9  //C128
4 1 6 5 8  //C129
4 0 5 3 7  //C130
4 5 0 3 8  //C131
1 8 1 2 4  //C132
5 3 8 8 2  //C133
5 9 9 4 8  //C134
3 6 3 0 3  //C135
9 0 5 2 1  //C136
2 3 7 4 9  //C137
7 0 8 6 2  //C138
5 7 2 2 4  //C139
1 2 8 2 3  //C140
4 0 0 5 3  //C141
7 1 0 9 8  //C142
1 3 9 0 1  //C143
2 5 4 8 5  //C144
5 0 3 2 2  //C145
6 4 1 6 2  //C146
7 1 2 9 6  //C147
2 2 2 0 1  //C148
6 0 8 7 0  //C149
2 7 1 0 1  //C150
5 8 9 7 8  //C151
4 7 8 3 6  //C152
3 0 3 7 1  //C153
0 0 0 4 9  //C154
9 3 3 7 9  //C155
4 1 6 1 9  //C156
8 2 0 5 7  //C157
8 1 4 0 2  //C158
4 4 9 4 7  //C159
5 6 1 5 0  //C160
1 7 7 0 1  //C161
1 5 2 8 3  //C162
2 0 6 3 7  //C163
0 9 8 0 2  //C164
8 6 9 1 4  //C165
4 4 8 0 3  //C166
8 0 0 0 7  //C167
1 5 9 3 5  //C168
3 9 5 7 0  //C169
4 8 5 6 6  //C170
6 8 1 3 1  //C171
5 7 5 5 7  //C172
7 6 1 5 4  //C173
1 0 6 5 6  //C174
5 9 5 4 9  //C175
9 0 1 0 0  //C176
6 8 2 4 6  //C177
9 8 7 8 2  //C178
3 9 4 5 8  //C179
7 7 0 2 8  //C180
4 2 0 0 1  //C181
7 2 6 3 1  //C182
5 6 5 5 0  //C183
8 3 7 8 5  //C184
2 2 7 3 2  //C185
5 5 9 6 2  //C186
2 0 8 1 6  //C187
4 8 1 2 9  //C188
7 1 3 6 6  //C189
7 4 8 5 0  //C190
3 0 1 7 6  //C191
1 4 7 7 5  //C192
1 3 0 1 9  //C193
5 7 3 8 5  //C194
0 2 4 9 7  //C195
0 9 0 6 5  //C196
1 6 4 5 8  //C197
2 8 0 5 4  //C198
9 0 4 7 7  //C199
