1 // server
4 // machine
50 // customer

 //p, q, a
5 2 0 //M0
5 3 0 //M1
5 7 0 //M2
6 5 0 //M3

 M0  M1  M2  M3 
5 5 7 6  //C0
6 5 9 6  //C1
9 7 2 6  //C2
0 6 3 5  //C3
0 6 5 4  //C4
2 3 1 2  //C5
3 3 2 4  //C6
8 5 2 1  //C7
4 4 6 9  //C8
5 2 8 5  //C9
2 2 8 9  //C10
6 0 8 8  //C11
7 9 1 8  //C12
1 1 1 2  //C13
3 4 3 3  //C14
2 4 7 4  //C15
4 1 1 6  //C16
9 3 0 7  //C17
7 0 2 0  //C18
4 2 6 3  //C19
4 3 6 9  //C20
3 3 9 3  //C21
2 4 5 0  //C22
9 5 2 7  //C23
4 4 4 4  //C24
8 2 9 3  //C25
8 4 1 1  //C26
8 0 8 1  //C27
8 0 8 8  //C28
7 8 0 1  //C29
2 7 3 4  //C30
7 0 7 1  //C31
7 5 6 9  //C32
7 1 4 1  //C33
4 3 0 8  //C34
2 7 4 1  //C35
6 4 1 9  //C36
7 3 9 5  //C37
3 3 2 0  //C38
8 4 5 8  //C39
6 9 4 3  //C40
4 8 4 6  //C41
5 6 3 4  //C42
7 2 9 4  //C43
3 1 8 3  //C44
8 8 4 3  //C45
6 0 5 3  //C46
9 3 3 0  //C47
7 2 1 2  //C48
3 0 7 7  //C49
