1 // server
5 // machine
30 // customer

 //p, q, a
6 8 0 //M0
5 5 0 //M1
4 3 0 //M2
1 7 0 //M3
9 8 0 //M4

 M0  M1  M2  M3  M4 
3 4 1 3 9  //C0
1 5 4 5 5  //C1
0 5 5 2 6  //C2
1 6 5 8 0  //C3
1 0 5 5 9  //C4
2 7 6 4 0  //C5
3 5 7 7 2  //C6
6 0 2 3 8  //C7
1 3 7 4 2  //C8
0 3 3 8 2  //C9
5 5 8 9 6  //C10
3 8 5 3 7  //C11
3 8 0 4 1  //C12
5 8 7 9 9  //C13
0 4 2 0 8  //C14
8 2 0 3 9  //C15
9 4 8 1 5  //C16
7 7 7 1 8  //C17
8 5 8 6 4  //C18
2 2 3 2 7  //C19
2 5 3 8 1  //C20
1 3 7 0 8  //C21
1 7 2 4 8  //C22
9 0 9 9 4  //C23
7 0 6 1 1  //C24
5 6 5 5 6  //C25
5 9 7 6 6  //C26
3 1 0 9 3  //C27
4 9 6 3 7  //C28
0 2 3 8 5  //C29
