1 // server
3 // machine
200 // customer

 //p, q, a
1 6 0 //M0
5 2 0 //M1
4 9 0 //M2

 M0  M1  M2 
4 5 8  //C0
8 2 8  //C1
6 4 2  //C2
5 0 1  //C3
5 2 6  //C4
2 9 2  //C5
3 2 9  //C6
5 3 3  //C7
4 4 3  //C8
3 9 4  //C9
5 2 6  //C10
8 6 7  //C11
4 8 0  //C12
3 1 8  //C13
4 5 6  //C14
8 2 4  //C15
9 7 7  //C16
2 7 1  //C17
9 8 2  //C18
5 3 7  //C19
5 2 4  //C20
8 0 7  //C21
5 6 5  //C22
9 7 0  //C23
2 0 0  //C24
1 1 8  //C25
7 6 2  //C26
8 3 2  //C27
7 3 5  //C28
4 9 7  //C29
5 9 4  //C30
2 7 8  //C31
3 6 5  //C32
8 2 5  //C33
9 0 0  //C34
6 0 7  //C35
1 8 7  //C36
3 8 6  //C37
4 7 9  //C38
2 1 7  //C39
2 0 7  //C40
8 3 7  //C41
5 9 2  //C42
1 8 5  //C43
3 8 3  //C44
7 9 3  //C45
1 0 3  //C46
8 3 1  //C47
0 2 1  //C48
8 8 0  //C49
9 0 4  //C50
7 6 2  //C51
7 0 6  //C52
2 0 0  //C53
4 9 9  //C54
2 0 0  //C55
3 7 8  //C56
5 1 0  //C57
3 4 6  //C58
6 8 1  //C59
6 7 0  //C60
1 2 8  //C61
0 5 1  //C62
1 0 8  //C63
6 9 0  //C64
2 3 4  //C65
1 7 1  //C66
1 5 1  //C67
1 3 8  //C68
4 4 2  //C69
5 1 2  //C70
5 5 3  //C71
9 3 6  //C72
1 1 4  //C73
8 1 7  //C74
0 8 1  //C75
0 1 1  //C76
2 4 0  //C77
9 5 2  //C78
9 0 8  //C79
9 6 1  //C80
9 5 8  //C81
5 1 3  //C82
7 2 0  //C83
7 0 5  //C84
7 2 3  //C85
3 1 4  //C86
7 4 2  //C87
1 2 6  //C88
2 5 0  //C89
0 9 2  //C90
8 1 5  //C91
3 8 5  //C92
8 4 7  //C93
8 2 8  //C94
0 5 3  //C95
4 2 2  //C96
8 6 8  //C97
4 2 2  //C98
8 8 3  //C99
1 3 6  //C100
3 6 2  //C101
7 9 8  //C102
0 3 4  //C103
7 5 7  //C104
7 8 1  //C105
4 0 7  //C106
3 8 2  //C107
8 2 3  //C108
4 4 9  //C109
3 5 9  //C110
2 6 1  //C111
0 5 6  //C112
6 3 5  //C113
5 3 8  //C114
7 1 0  //C115
1 6 3  //C116
1 4 8  //C117
5 8 5  //C118
3 4 4  //C119
8 3 5  //C120
9 7 8  //C121
4 4 8  //C122
5 6 3  //C123
4 7 6  //C124
2 7 4  //C125
3 0 0  //C126
3 2 7  //C127
6 2 1  //C128
1 7 8  //C129
5 6 0  //C130
2 7 0  //C131
0 6 6  //C132
0 3 6  //C133
1 5 9  //C134
9 6 6  //C135
1 2 0  //C136
0 9 4  //C137
3 5 0  //C138
7 2 5  //C139
7 3 7  //C140
0 9 9  //C141
3 2 0  //C142
6 1 1  //C143
7 3 7  //C144
4 1 6  //C145
7 6 6  //C146
4 9 4  //C147
7 5 7  //C148
5 8 2  //C149
9 2 3  //C150
1 3 9  //C151
8 1 5  //C152
9 6 3  //C153
5 5 1  //C154
8 3 6  //C155
7 8 3  //C156
4 0 6  //C157
9 2 4  //C158
2 3 4  //C159
2 7 4  //C160
8 7 9  //C161
8 6 9  //C162
7 5 0  //C163
1 7 9  //C164
2 9 4  //C165
3 8 1  //C166
0 8 9  //C167
8 4 2  //C168
6 2 1  //C169
5 6 7  //C170
0 7 8  //C171
8 7 7  //C172
1 0 7  //C173
7 9 2  //C174
3 3 2  //C175
6 6 3  //C176
0 9 5  //C177
3 2 9  //C178
4 9 2  //C179
7 2 3  //C180
8 2 9  //C181
2 0 0  //C182
1 3 1  //C183
6 1 8  //C184
4 3 9  //C185
6 4 1  //C186
9 9 6  //C187
8 5 6  //C188
2 7 4  //C189
9 4 7  //C190
5 4 7  //C191
3 8 6  //C192
3 1 2  //C193
2 5 2  //C194
1 3 7  //C195
7 8 8  //C196
0 7 5  //C197
0 7 2  //C198
7 9 7  //C199
