1 // server
3 // machine
200 // customer

 //p, q, a
3 4 0 //M0
2 5 0 //M1
7 8 0 //M2

 M0  M1  M2 
5 0 6  //C0
7 7 4  //C1
7 3 5  //C2
2 1 7  //C3
0 0 3  //C4
1 4 7  //C5
1 5 3  //C6
6 3 9  //C7
4 2 4  //C8
1 1 0  //C9
6 4 4  //C10
1 9 3  //C11
9 2 9  //C12
4 4 0  //C13
9 7 2  //C14
5 2 7  //C15
1 1 8  //C16
4 2 2  //C17
5 9 7  //C18
6 3 5  //C19
0 6 1  //C20
5 6 6  //C21
2 8 1  //C22
0 1 1  //C23
7 6 0  //C24
2 6 5  //C25
6 9 9  //C26
6 0 0  //C27
1 2 2  //C28
2 6 0  //C29
6 3 9  //C30
4 3 8  //C31
9 4 1  //C32
6 3 4  //C33
6 1 0  //C34
7 6 5  //C35
1 2 2  //C36
1 0 4  //C37
5 3 5  //C38
1 3 3  //C39
4 9 1  //C40
0 3 7  //C41
1 3 3  //C42
1 3 2  //C43
4 9 5  //C44
5 9 9  //C45
9 4 6  //C46
6 0 4  //C47
8 4 3  //C48
5 9 0  //C49
3 8 0  //C50
7 2 3  //C51
2 6 7  //C52
2 5 3  //C53
2 0 9  //C54
9 7 0  //C55
8 9 4  //C56
6 1 8  //C57
7 7 9  //C58
7 1 8  //C59
4 6 4  //C60
3 8 5  //C61
1 6 7  //C62
2 2 3  //C63
1 6 8  //C64
2 3 0  //C65
4 8 7  //C66
3 7 9  //C67
5 6 6  //C68
2 0 4  //C69
4 5 4  //C70
8 8 9  //C71
9 9 1  //C72
4 8 1  //C73
3 5 7  //C74
1 4 5  //C75
9 4 4  //C76
8 2 3  //C77
1 1 8  //C78
4 7 1  //C79
9 9 5  //C80
2 8 7  //C81
8 3 8  //C82
9 3 3  //C83
8 0 0  //C84
6 9 1  //C85
2 4 1  //C86
0 2 6  //C87
9 5 3  //C88
1 7 6  //C89
1 4 2  //C90
0 5 8  //C91
5 0 7  //C92
9 2 1  //C93
6 0 0  //C94
1 0 1  //C95
3 4 1  //C96
6 2 2  //C97
0 8 7  //C98
9 2 3  //C99
3 7 5  //C100
1 8 9  //C101
0 8 5  //C102
1 0 9  //C103
4 2 2  //C104
9 3 1  //C105
5 8 5  //C106
1 7 2  //C107
4 4 1  //C108
0 9 7  //C109
1 6 8  //C110
3 6 4  //C111
5 4 2  //C112
1 0 1  //C113
6 2 4  //C114
2 1 0  //C115
0 1 4  //C116
5 3 3  //C117
8 1 9  //C118
3 7 3  //C119
8 0 8  //C120
8 9 4  //C121
0 0 5  //C122
7 3 9  //C123
9 4 7  //C124
3 5 5  //C125
8 2 2  //C126
0 0 8  //C127
2 5 2  //C128
4 5 4  //C129
5 2 7  //C130
8 2 0  //C131
2 8 2  //C132
9 2 1  //C133
4 2 7  //C134
5 6 9  //C135
5 4 5  //C136
3 5 4  //C137
1 7 0  //C138
0 5 3  //C139
2 5 4  //C140
1 2 1  //C141
1 0 1  //C142
7 0 7  //C143
3 8 0  //C144
1 6 7  //C145
0 7 9  //C146
2 8 0  //C147
8 1 6  //C148
3 6 5  //C149
9 2 2  //C150
8 6 6  //C151
6 3 0  //C152
5 4 5  //C153
8 7 4  //C154
8 0 6  //C155
4 9 1  //C156
3 9 7  //C157
4 0 7  //C158
4 2 0  //C159
5 8 4  //C160
5 8 7  //C161
4 4 2  //C162
3 5 2  //C163
6 5 3  //C164
3 4 0  //C165
6 0 0  //C166
9 8 6  //C167
4 6 2  //C168
4 3 5  //C169
9 1 0  //C170
0 0 5  //C171
1 2 9  //C172
6 3 6  //C173
4 0 4  //C174
8 6 4  //C175
4 1 5  //C176
6 7 2  //C177
9 6 9  //C178
7 1 2  //C179
5 9 0  //C180
6 4 3  //C181
2 6 4  //C182
7 1 2  //C183
1 9 6  //C184
4 4 7  //C185
2 6 9  //C186
8 0 2  //C187
9 3 4  //C188
8 0 4  //C189
6 4 0  //C190
6 1 3  //C191
5 7 6  //C192
0 6 0  //C193
9 6 9  //C194
3 4 8  //C195
5 5 1  //C196
2 4 5  //C197
3 7 9  //C198
8 6 1  //C199
