1 // server
5 // machine
30 // customer

 //p, q, a
2 5 0 //M0
3 3 0 //M1
8 9 0 //M2
7 2 0 //M3
2 2 0 //M4

 M0  M1  M2  M3  M4 
8 4 3 1 9  //C0
4 8 1 3 3  //C1
1 3 3 9 6  //C2
6 9 1 1 2  //C3
3 5 3 9 1  //C4
5 4 0 5 1  //C5
1 7 4 8 1  //C6
7 4 4 9 8  //C7
1 4 2 7 7  //C8
8 0 3 5 1  //C9
9 4 9 9 7  //C10
3 0 3 9 4  //C11
9 7 5 2 2  //C12
3 8 4 7 8  //C13
2 5 2 3 0  //C14
8 2 6 2 2  //C15
4 0 5 4 2  //C16
6 8 5 0 7  //C17
7 1 4 5 8  //C18
4 8 0 5 3  //C19
9 5 6 7 9  //C20
3 2 5 8 9  //C21
1 4 1 6 9  //C22
8 2 1 0 6  //C23
5 3 4 9 1  //C24
0 0 6 4 6  //C25
0 1 0 8 3  //C26
8 4 8 5 8  //C27
3 2 6 1 6  //C28
2 9 7 5 9  //C29
