1 // server
4 // machine
30 // customer

 //p, q, a
8 8 0 //M0
6 3 0 //M1
5 8 0 //M2
8 3 0 //M3

 M0  M1  M2  M3 
1 3 5 0  //C0
3 2 8 0  //C1
1 9 4 2  //C2
3 7 2 4  //C3
3 1 4 6  //C4
8 8 3 0  //C5
3 7 2 9  //C6
8 1 4 4  //C7
1 6 0 1  //C8
1 7 4 9  //C9
7 2 8 3  //C10
2 6 2 0  //C11
5 1 7 4  //C12
3 1 4 2  //C13
0 5 6 6  //C14
9 8 2 9  //C15
4 0 1 6  //C16
6 1 2 6  //C17
7 4 9 5  //C18
0 9 7 7  //C19
5 2 4 6  //C20
4 0 0 9  //C21
2 8 0 6  //C22
0 8 0 9  //C23
0 8 9 1  //C24
4 6 3 4  //C25
9 1 7 9  //C26
2 8 2 0  //C27
7 9 0 7  //C28
3 5 5 3  //C29
