1 // server
5 // machine
200 // customer

 //p, q, a
4 9 0 //M0
9 8 0 //M1
7 4 0 //M2
1 4 0 //M3
7 5 0 //M4

 M0  M1  M2  M3  M4 
8 8 6 1 5  //C0
0 8 1 0 4  //C1
0 9 7 3 9  //C2
1 5 8 9 1  //C3
2 8 2 4 8  //C4
7 6 4 4 7  //C5
3 8 9 0 2  //C6
6 3 3 5 7  //C7
1 1 2 4 8  //C8
4 1 6 9 5  //C9
7 3 3 6 2  //C10
0 6 2 2 8  //C11
3 4 7 3 1  //C12
2 9 7 0 2  //C13
7 2 2 2 9  //C14
0 5 7 6 3  //C15
6 0 4 8 9  //C16
0 4 3 8 1  //C17
0 1 0 7 3  //C18
7 3 9 3 5  //C19
4 4 5 6 8  //C20
4 0 1 6 1  //C21
5 8 5 9 2  //C22
3 9 9 3 0  //C23
7 5 8 9 2  //C24
6 1 5 8 1  //C25
6 5 4 0 9  //C26
1 4 7 0 4  //C27
0 3 7 7 6  //C28
1 5 1 5 0  //C29
8 4 6 2 8  //C30
8 6 6 4 1  //C31
3 4 3 5 4  //C32
9 4 5 0 0  //C33
8 1 9 8 0  //C34
4 8 1 3 0  //C35
0 0 0 7 3  //C36
2 9 1 2 0  //C37
5 8 3 8 1  //C38
5 0 2 2 7  //C39
7 0 1 4 2  //C40
6 4 8 2 3  //C41
9 4 3 4 0  //C42
2 4 5 2 1  //C43
9 2 2 9 5  //C44
9 8 1 6 5  //C45
4 6 8 5 2  //C46
0 9 5 5 6  //C47
8 1 9 8 0  //C48
0 5 9 7 8  //C49
0 4 0 1 7  //C50
5 7 1 9 2  //C51
8 3 1 7 9  //C52
3 6 7 1 0  //C53
3 9 0 5 3  //C54
8 3 4 9 4  //C55
3 9 3 7 4  //C56
9 6 7 8 7  //C57
3 7 5 2 7  //C58
4 9 2 8 6  //C59
4 8 7 7 4  //C60
1 4 4 7 9  //C61
2 3 2 5 9  //C62
9 0 4 2 0  //C63
7 8 9 4 6  //C64
6 3 7 8 8  //C65
9 0 5 2 9  //C66
5 1 5 2 3  //C67
4 1 9 9 5  //C68
9 5 0 3 7  //C69
4 5 9 8 9  //C70
6 9 3 0 8  //C71
8 6 5 9 0  //C72
1 8 9 5 4  //C73
8 4 1 9 5  //C74
5 8 0 8 6  //C75
1 2 4 0 3  //C76
4 0 6 2 3  //C77
5 8 4 4 4  //C78
8 5 0 9 4  //C79
1 5 5 9 9  //C80
0 3 0 3 4  //C81
7 9 4 3 7  //C82
5 2 5 6 5  //C83
0 1 7 1 8  //C84
0 9 7 4 7  //C85
9 8 0 4 5  //C86
5 6 5 0 3  //C87
0 0 3 8 6  //C88
6 3 1 6 8  //C89
5 0 4 3 3  //C90
0 8 4 0 9  //C91
0 6 5 5 4  //C92
8 8 9 8 1  //C93
9 7 4 2 5  //C94
9 8 8 4 2  //C95
6 8 0 5 1  //C96
9 4 7 1 5  //C97
7 2 4 0 3  //C98
4 4 7 4 7  //C99
7 4 2 5 9  //C100
8 5 1 7 3  //C101
1 9 9 8 3  //C102
1 6 0 4 5  //C103
4 0 8 3 3  //C104
6 2 4 9 1  //C105
5 0 3 6 4  //C106
1 6 4 6 2  //C107
3 2 9 7 3  //C108
7 2 6 7 1  //C109
7 4 3 9 3  //C110
6 6 9 1 2  //C111
6 1 2 6 8  //C112
1 5 2 3 1  //C113
5 1 3 1 1  //C114
1 0 0 9 5  //C115
3 6 6 7 3  //C116
0 7 4 3 8  //C117
5 7 3 3 6  //C118
2 0 3 8 1  //C119
2 0 2 5 6  //C120
6 0 1 7 1  //C121
6 5 9 5 8  //C122
9 4 4 3 8  //C123
4 1 8 5 5  //C124
8 8 0 5 8  //C125
1 7 2 8 3  //C126
3 3 1 1 6  //C127
9 5 6 2 2  //C128
0 8 7 4 6  //C129
8 6 9 0 7  //C130
0 1 7 9 8  //C131
8 9 6 8 9  //C132
8 2 1 1 5  //C133
6 3 2 6 8  //C134
8 4 6 3 5  //C135
9 0 6 8 0  //C136
4 7 2 0 3  //C137
2 5 1 3 8  //C138
0 8 7 2 3  //C139
7 6 5 9 0  //C140
5 3 2 1 8  //C141
6 4 4 4 8  //C142
7 3 8 8 4  //C143
0 0 0 8 2  //C144
0 1 9 8 8  //C145
0 6 3 9 7  //C146
2 4 7 7 5  //C147
0 4 0 1 6  //C148
7 1 6 5 0  //C149
6 9 9 7 2  //C150
7 6 7 6 0  //C151
3 4 4 3 8  //C152
9 1 4 7 5  //C153
2 5 1 2 4  //C154
5 0 8 1 4  //C155
9 5 4 7 1  //C156
0 7 5 6 0  //C157
6 7 1 7 2  //C158
6 0 7 3 7  //C159
6 6 8 9 8  //C160
1 8 6 3 7  //C161
6 7 5 2 1  //C162
7 0 6 1 8  //C163
2 5 8 7 8  //C164
5 4 4 0 7  //C165
5 3 5 4 8  //C166
2 6 4 9 0  //C167
1 0 2 9 3  //C168
9 1 9 5 4  //C169
5 3 5 5 4  //C170
1 8 1 0 2  //C171
7 4 6 5 1  //C172
3 1 1 3 8  //C173
0 6 7 1 6  //C174
2 3 8 4 9  //C175
4 5 8 5 2  //C176
2 7 0 0 6  //C177
4 5 3 7 2  //C178
6 3 6 7 9  //C179
7 0 5 7 3  //C180
8 5 3 8 1  //C181
8 9 6 1 8  //C182
1 6 1 2 9  //C183
6 1 1 7 4  //C184
5 3 0 8 9  //C185
9 6 0 4 2  //C186
4 0 1 2 3  //C187
6 3 1 8 8  //C188
4 9 1 8 0  //C189
0 2 3 8 3  //C190
5 8 7 2 8  //C191
5 5 5 9 2  //C192
1 8 2 9 3  //C193
1 5 9 9 3  //C194
2 0 2 8 9  //C195
5 1 1 7 8  //C196
7 2 2 1 6  //C197
5 2 8 3 7  //C198
0 8 1 5 6  //C199
