1 // server
4 // machine
50 // customer

 //p, q, a
5 9 0 //M0
3 2 0 //M1
1 9 0 //M2
4 3 0 //M3

 M0  M1  M2  M3 
3 9 1 3  //C0
2 7 1 5  //C1
4 7 6 1  //C2
8 2 4 0  //C3
3 3 7 2  //C4
0 1 9 6  //C5
8 4 6 1  //C6
3 9 4 7  //C7
1 4 4 0  //C8
2 2 9 1  //C9
8 6 5 6  //C10
6 3 1 1  //C11
4 1 7 7  //C12
1 0 2 1  //C13
0 5 4 8  //C14
1 0 1 4  //C15
3 8 0 4  //C16
8 4 8 1  //C17
4 5 4 3  //C18
6 2 9 5  //C19
2 4 6 1  //C20
1 6 6 0  //C21
2 2 9 6  //C22
7 1 0 8  //C23
4 0 3 8  //C24
3 6 3 0  //C25
3 6 3 5  //C26
6 8 5 8  //C27
6 9 5 7  //C28
3 0 3 6  //C29
2 9 2 5  //C30
4 1 3 3  //C31
5 6 9 6  //C32
8 0 2 6  //C33
0 5 8 5  //C34
3 0 4 3  //C35
7 1 0 8  //C36
5 3 4 4  //C37
6 6 6 3  //C38
4 7 5 1  //C39
2 0 0 9  //C40
9 9 9 5  //C41
7 9 6 7  //C42
1 7 3 1  //C43
4 8 8 3  //C44
1 5 7 1  //C45
2 4 9 2  //C46
4 8 1 2  //C47
0 6 2 3  //C48
9 5 4 7  //C49
