1 // server
5 // machine
50 // customer

 //p, q, a
8 5 0 //M0
9 7 0 //M1
2 3 0 //M2
2 2 0 //M3
3 7 0 //M4

 M0  M1  M2  M3  M4 
5 8 1 0 9  //C0
0 8 6 7 2  //C1
1 8 0 1 9  //C2
6 9 3 8 2  //C3
8 9 5 8 4  //C4
4 5 0 1 1  //C5
9 6 9 7 7  //C6
9 9 6 2 1  //C7
3 9 3 5 8  //C8
9 3 7 7 5  //C9
2 7 2 0 8  //C10
6 2 3 6 5  //C11
5 7 5 5 2  //C12
5 9 2 4 9  //C13
6 2 0 7 9  //C14
9 5 0 9 4  //C15
0 7 2 5 9  //C16
1 3 8 9 0  //C17
6 6 9 7 6  //C18
5 4 8 2 2  //C19
9 0 3 8 8  //C20
9 6 5 0 8  //C21
1 2 3 2 4  //C22
7 5 9 6 1  //C23
1 1 3 3 2  //C24
0 3 3 0 4  //C25
4 6 8 6 4  //C26
9 4 4 7 9  //C27
5 8 7 0 9  //C28
4 2 7 2 8  //C29
9 5 2 1 0  //C30
8 7 9 5 8  //C31
6 3 4 6 3  //C32
4 3 6 7 5  //C33
3 1 1 6 5  //C34
2 3 3 3 7  //C35
7 5 0 2 4  //C36
9 4 7 5 5  //C37
2 4 8 9 3  //C38
2 4 1 6 5  //C39
0 5 0 7 4  //C40
8 3 5 5 7  //C41
5 3 6 7 0  //C42
0 2 1 1 4  //C43
0 6 0 1 3  //C44
9 2 2 3 3  //C45
8 1 6 8 7  //C46
1 5 3 8 6  //C47
6 8 2 8 0  //C48
8 8 1 9 2  //C49
