1 // server
4 // machine
50 // customer

 //p, q, a
5 9 0 //M0
6 3 0 //M1
5 2 0 //M2
6 8 0 //M3

 M0  M1  M2  M3 
8 5 1 6  //C0
2 8 6 6  //C1
6 5 8 1  //C2
3 4 4 3  //C3
2 8 0 5  //C4
7 0 6 6  //C5
6 8 6 7  //C6
2 6 4 4  //C7
3 9 1 3  //C8
6 5 6 4  //C9
0 5 9 8  //C10
8 5 4 0  //C11
5 3 0 6  //C12
0 1 0 8  //C13
8 5 0 4  //C14
2 8 4 0  //C15
1 4 8 3  //C16
3 0 6 7  //C17
2 5 4 2  //C18
0 7 7 1  //C19
3 6 2 9  //C20
5 7 3 2  //C21
9 3 5 1  //C22
5 1 2 1  //C23
1 9 7 4  //C24
6 1 7 4  //C25
7 3 4 5  //C26
6 7 7 0  //C27
7 8 1 5  //C28
5 4 4 3  //C29
1 5 4 0  //C30
5 4 2 0  //C31
2 2 1 1  //C32
0 3 4 2  //C33
9 8 2 2  //C34
3 7 6 1  //C35
5 4 3 6  //C36
0 7 6 6  //C37
4 3 3 0  //C38
6 6 8 2  //C39
1 4 3 3  //C40
6 5 9 4  //C41
4 9 6 7  //C42
2 2 0 3  //C43
9 3 4 0  //C44
0 5 0 5  //C45
6 5 6 7  //C46
9 3 5 2  //C47
9 9 1 9  //C48
4 3 4 0  //C49
