1 // server
4 // machine
50 // customer

 //p, q, a
2 6 0 //M0
1 6 0 //M1
7 7 0 //M2
3 9 0 //M3

 M0  M1  M2  M3 
3 4 9 6  //C0
9 1 0 7  //C1
2 8 7 4  //C2
0 7 0 9  //C3
8 3 7 5  //C4
4 9 1 9  //C5
3 0 2 5  //C6
4 2 5 5  //C7
2 9 8 9  //C8
8 5 3 8  //C9
5 4 0 1  //C10
7 0 7 4  //C11
4 1 7 3  //C12
9 7 4 3  //C13
3 0 3 8  //C14
9 5 3 0  //C15
3 2 2 0  //C16
8 0 0 3  //C17
9 8 9 0  //C18
9 0 1 2  //C19
3 8 1 2  //C20
4 1 5 5  //C21
5 4 6 8  //C22
2 5 9 0  //C23
1 0 7 5  //C24
8 7 5 3  //C25
1 4 3 1  //C26
7 4 4 2  //C27
9 0 5 0  //C28
4 1 5 1  //C29
6 7 4 4  //C30
4 2 1 4  //C31
8 9 8 8  //C32
2 5 4 5  //C33
2 7 0 0  //C34
8 4 7 1  //C35
9 3 8 1  //C36
9 8 6 9  //C37
4 5 9 1  //C38
3 0 9 9  //C39
3 9 2 7  //C40
5 5 0 3  //C41
5 0 8 6  //C42
0 5 3 1  //C43
9 3 4 0  //C44
3 9 4 9  //C45
2 9 4 6  //C46
5 3 2 1  //C47
7 1 7 9  //C48
2 9 5 3  //C49
