1 // server
5 // machine
100 // customer

 //p, q, a
7 6 0 //M0
8 8 0 //M1
4 7 0 //M2
3 8 0 //M3
2 2 0 //M4

 M0  M1  M2  M3  M4 
3 4 1 6 6  //C0
4 2 4 5 6  //C1
4 9 9 6 1  //C2
3 8 1 5 5  //C3
0 2 5 6 4  //C4
3 2 6 6 5  //C5
4 0 2 5 1  //C6
1 7 4 7 5  //C7
4 9 2 4 2  //C8
6 5 1 7 0  //C9
8 0 2 5 9  //C10
1 8 5 2 3  //C11
2 6 8 0 2  //C12
4 7 4 5 0  //C13
6 4 3 0 0  //C14
1 0 0 3 7  //C15
7 0 9 5 6  //C16
3 7 6 5 0  //C17
2 1 2 4 2  //C18
8 1 1 2 8  //C19
9 1 6 7 3  //C20
4 7 2 4 8  //C21
0 8 1 4 6  //C22
1 6 2 3 8  //C23
7 1 9 4 7  //C24
4 2 9 7 2  //C25
0 8 7 5 8  //C26
6 4 2 2 2  //C27
6 4 1 6 0  //C28
4 0 7 7 1  //C29
2 8 7 4 0  //C30
7 1 2 9 8  //C31
1 7 5 2 8  //C32
1 0 5 6 0  //C33
7 3 0 1 1  //C34
2 0 2 3 3  //C35
4 5 1 5 0  //C36
1 1 3 4 0  //C37
4 1 3 3 0  //C38
8 8 9 7 8  //C39
3 4 0 7 4  //C40
8 7 6 2 8  //C41
7 9 8 6 4  //C42
6 6 9 2 6  //C43
0 6 1 5 5  //C44
5 0 7 0 3  //C45
4 0 5 5 9  //C46
0 4 4 1 1  //C47
4 4 1 6 3  //C48
5 3 7 9 4  //C49
2 8 6 0 7  //C50
6 2 4 1 9  //C51
8 0 5 9 3  //C52
6 3 2 6 3  //C53
1 1 8 1 2  //C54
6 5 4 1 0  //C55
1 3 7 6 0  //C56
5 4 4 8 2  //C57
7 9 2 2 3  //C58
4 8 1 3 7  //C59
1 0 0 5 2  //C60
0 0 5 7 1  //C61
1 8 2 0 7  //C62
4 2 9 9 7  //C63
2 8 4 3 5  //C64
2 9 5 7 8  //C65
7 3 1 4 9  //C66
0 2 2 4 9  //C67
5 8 6 6 1  //C68
9 6 2 5 8  //C69
1 9 2 5 5  //C70
2 6 7 9 9  //C71
1 4 7 9 3  //C72
7 6 8 1 6  //C73
2 9 5 9 2  //C74
3 1 7 1 6  //C75
5 7 0 9 6  //C76
8 1 6 9 7  //C77
4 4 2 4 7  //C78
1 1 7 3 4  //C79
2 8 1 8 6  //C80
2 4 3 3 2  //C81
0 8 6 3 4  //C82
4 3 8 3 5  //C83
6 0 8 3 2  //C84
7 6 0 1 1  //C85
2 4 4 7 3  //C86
6 6 2 2 4  //C87
4 7 3 7 6  //C88
5 8 9 9 3  //C89
7 2 4 7 8  //C90
2 0 7 6 9  //C91
5 3 1 1 9  //C92
5 4 8 9 7  //C93
8 1 6 8 1  //C94
8 6 1 7 6  //C95
8 7 0 8 3  //C96
9 0 7 9 0  //C97
6 8 5 3 9  //C98
0 6 1 7 0  //C99
