1 // server
5 // machine
100 // customer

 //p, q, a
7 7 0 //M0
2 5 0 //M1
5 4 0 //M2
6 5 0 //M3
8 2 0 //M4

 M0  M1  M2  M3  M4 
2 5 6 0 1  //C0
1 3 9 4 5  //C1
1 2 7 8 2  //C2
9 3 3 9 3  //C3
0 9 0 3 1  //C4
8 0 9 6 7  //C5
1 3 7 9 0  //C6
1 9 7 9 5  //C7
6 2 4 4 1  //C8
4 9 3 2 5  //C9
0 2 4 4 0  //C10
2 4 2 9 2  //C11
1 4 3 7 3  //C12
7 4 7 7 1  //C13
9 6 4 4 7  //C14
8 4 6 2 6  //C15
8 6 7 0 6  //C16
9 9 3 9 8  //C17
6 6 7 6 3  //C18
2 8 7 0 3  //C19
0 1 5 1 5  //C20
4 7 0 7 1  //C21
7 7 9 2 4  //C22
4 6 3 0 4  //C23
8 0 8 9 4  //C24
2 8 8 0 5  //C25
9 6 5 8 6  //C26
6 0 6 5 2  //C27
1 9 6 8 0  //C28
9 6 4 2 8  //C29
5 5 7 6 5  //C30
9 3 6 6 2  //C31
6 9 9 2 1  //C32
0 1 1 6 7  //C33
3 0 8 8 2  //C34
9 4 0 9 5  //C35
5 3 5 1 9  //C36
3 9 9 3 7  //C37
2 4 9 2 5  //C38
1 9 4 6 9  //C39
7 5 8 5 5  //C40
5 7 9 3 5  //C41
4 3 6 1 6  //C42
2 4 7 2 7  //C43
1 2 7 8 4  //C44
8 0 5 2 0  //C45
9 0 3 9 7  //C46
9 4 0 6 3  //C47
6 0 5 8 2  //C48
9 7 7 5 3  //C49
7 1 1 8 8  //C50
4 8 9 0 6  //C51
5 2 6 3 5  //C52
4 9 6 3 6  //C53
8 3 1 8 1  //C54
0 6 9 6 4  //C55
1 2 9 9 2  //C56
8 8 5 1 3  //C57
1 4 9 0 8  //C58
4 3 2 2 7  //C59
9 0 3 8 5  //C60
3 0 2 6 7  //C61
8 9 3 5 5  //C62
2 2 7 0 7  //C63
5 3 5 0 5  //C64
3 4 1 0 7  //C65
6 3 6 8 5  //C66
0 9 1 4 8  //C67
7 6 9 4 4  //C68
1 1 3 5 6  //C69
2 6 2 4 1  //C70
5 5 3 3 2  //C71
9 9 2 8 0  //C72
4 3 4 0 5  //C73
3 1 3 1 0  //C74
9 4 0 5 3  //C75
1 0 6 3 5  //C76
0 1 2 7 9  //C77
4 5 7 2 9  //C78
8 3 0 3 0  //C79
8 7 2 9 3  //C80
0 3 1 4 2  //C81
1 5 7 9 0  //C82
8 3 9 2 0  //C83
2 0 7 0 1  //C84
7 3 1 2 1  //C85
6 3 7 4 5  //C86
3 8 6 0 4  //C87
6 0 7 4 8  //C88
8 8 7 1 0  //C89
4 4 7 2 8  //C90
7 0 2 8 6  //C91
7 2 8 2 5  //C92
7 7 2 4 7  //C93
0 7 9 8 3  //C94
2 3 2 2 2  //C95
8 5 9 1 6  //C96
1 5 4 6 7  //C97
2 5 7 3 7  //C98
4 1 4 9 1  //C99
