1 // server
5 // machine
100 // customer

 //p, q, a
1 6 0 //M0
4 5 0 //M1
9 8 0 //M2
5 9 0 //M3
9 6 0 //M4

 M0  M1  M2  M3  M4 
4 8 0 6 7  //C0
1 2 7 5 4  //C1
1 3 5 6 4  //C2
4 9 5 0 9  //C3
0 8 3 0 1  //C4
2 2 5 1 9  //C5
6 6 5 0 3  //C6
4 5 0 5 5  //C7
2 4 9 4 9  //C8
7 0 6 9 5  //C9
8 0 8 9 5  //C10
5 5 9 5 5  //C11
9 6 6 6 7  //C12
5 8 5 3 0  //C13
9 8 9 5 6  //C14
6 9 8 1 3  //C15
1 5 5 6 0  //C16
6 7 5 4 7  //C17
8 6 5 0 5  //C18
5 8 2 6 4  //C19
8 5 3 9 6  //C20
9 0 3 3 9  //C21
6 7 7 1 3  //C22
4 0 9 5 1  //C23
7 3 0 5 1  //C24
2 3 8 9 0  //C25
8 6 1 7 4  //C26
6 1 6 0 1  //C27
5 4 1 5 1  //C28
1 8 3 6 1  //C29
4 8 6 5 6  //C30
5 5 8 8 3  //C31
6 1 3 2 1  //C32
9 5 0 6 7  //C33
3 4 9 4 6  //C34
3 1 4 3 0  //C35
3 0 2 8 5  //C36
9 9 6 0 9  //C37
1 3 7 6 4  //C38
3 1 9 4 2  //C39
5 7 6 9 8  //C40
0 8 2 9 3  //C41
4 0 5 7 9  //C42
5 9 4 6 1  //C43
9 9 0 7 6  //C44
0 6 2 9 2  //C45
1 1 0 1 4  //C46
6 3 2 0 5  //C47
0 7 7 6 4  //C48
0 7 9 6 9  //C49
4 6 2 2 3  //C50
5 7 8 3 7  //C51
3 5 2 6 1  //C52
2 9 4 2 3  //C53
2 6 4 1 0  //C54
1 2 3 2 5  //C55
2 6 6 0 8  //C56
5 9 7 7 9  //C57
9 4 9 2 2  //C58
5 5 0 5 2  //C59
0 3 6 3 6  //C60
7 2 1 2 1  //C61
2 3 5 7 5  //C62
6 9 1 8 5  //C63
3 1 6 3 4  //C64
7 7 1 8 5  //C65
5 2 8 0 4  //C66
8 9 2 3 0  //C67
3 7 5 6 6  //C68
5 9 2 6 6  //C69
5 3 1 9 8  //C70
8 7 3 9 9  //C71
0 0 2 6 5  //C72
0 5 4 2 7  //C73
6 6 7 8 2  //C74
5 6 9 6 8  //C75
8 5 4 2 0  //C76
2 0 8 2 6  //C77
0 6 3 4 9  //C78
2 5 9 0 6  //C79
0 4 9 9 9  //C80
8 6 3 6 2  //C81
2 8 7 1 1  //C82
5 5 9 6 3  //C83
9 6 2 6 7  //C84
9 3 3 8 9  //C85
0 6 8 9 7  //C86
4 5 5 2 1  //C87
5 6 1 9 3  //C88
1 9 2 3 4  //C89
7 5 2 7 7  //C90
4 1 2 1 9  //C91
5 2 5 7 2  //C92
5 9 7 3 7  //C93
9 9 6 4 7  //C94
2 4 3 2 5  //C95
0 0 9 3 2  //C96
4 4 1 1 3  //C97
2 2 4 3 6  //C98
2 1 4 6 8  //C99
