1 // server
3 // machine
100 // customer

 //p, q, a
6 7 0 //M0
2 4 0 //M1
9 4 0 //M2

 M0  M1  M2 
2 1 9  //C0
5 8 9  //C1
6 2 2  //C2
2 9 2  //C3
2 3 9  //C4
6 9 6  //C5
0 7 0  //C6
0 0 7  //C7
0 5 9  //C8
0 3 9  //C9
9 2 5  //C10
7 6 8  //C11
3 3 9  //C12
8 0 5  //C13
3 0 6  //C14
6 0 6  //C15
8 9 8  //C16
5 2 1  //C17
2 1 1  //C18
1 4 2  //C19
0 6 9  //C20
3 2 6  //C21
7 4 6  //C22
0 3 5  //C23
6 2 7  //C24
4 6 9  //C25
0 4 5  //C26
3 2 3  //C27
1 4 0  //C28
3 4 5  //C29
6 1 8  //C30
7 8 4  //C31
6 0 7  //C32
0 8 5  //C33
9 7 6  //C34
2 8 0  //C35
4 8 4  //C36
2 0 0  //C37
7 6 4  //C38
6 1 8  //C39
6 4 9  //C40
1 3 1  //C41
6 9 4  //C42
3 8 6  //C43
1 0 5  //C44
9 4 4  //C45
6 9 5  //C46
9 9 6  //C47
0 4 1  //C48
8 0 1  //C49
9 0 9  //C50
9 3 4  //C51
6 7 4  //C52
5 5 8  //C53
5 0 0  //C54
8 0 0  //C55
4 7 2  //C56
9 9 2  //C57
2 6 4  //C58
3 0 9  //C59
0 8 9  //C60
2 3 7  //C61
7 2 6  //C62
1 3 6  //C63
0 1 3  //C64
6 3 8  //C65
6 2 4  //C66
0 4 2  //C67
8 9 1  //C68
6 7 6  //C69
9 2 7  //C70
4 4 6  //C71
9 3 6  //C72
2 1 8  //C73
3 2 4  //C74
6 9 7  //C75
8 5 2  //C76
6 7 7  //C77
4 9 4  //C78
7 4 3  //C79
6 0 4  //C80
9 2 0  //C81
9 5 7  //C82
7 7 0  //C83
1 3 1  //C84
5 7 1  //C85
7 2 0  //C86
3 8 1  //C87
4 3 5  //C88
9 0 5  //C89
2 1 9  //C90
3 5 0  //C91
3 3 0  //C92
4 6 4  //C93
0 1 7  //C94
2 4 3  //C95
5 8 2  //C96
2 0 1  //C97
3 2 2  //C98
3 5 8  //C99
