1 // server
4 // machine
200 // customer

 //p, q, a
7 4 0 //M0
8 5 0 //M1
1 8 0 //M2
9 3 0 //M3

 M0  M1  M2  M3 
8 1 5 3  //C0
1 5 7 1  //C1
6 9 7 9  //C2
2 1 4 3  //C3
8 9 0 5  //C4
3 2 9 7  //C5
7 1 9 2  //C6
3 7 7 6  //C7
0 3 6 9  //C8
6 4 9 5  //C9
8 8 1 1  //C10
3 2 7 5  //C11
7 4 5 0  //C12
7 4 8 6  //C13
1 8 5 0  //C14
6 5 8 8  //C15
1 0 8 9  //C16
5 5 7 4  //C17
0 5 6 4  //C18
0 8 4 5  //C19
3 3 4 8  //C20
2 6 9 6  //C21
4 9 7 7  //C22
8 9 9 3  //C23
0 2 9 2  //C24
3 8 0 2  //C25
7 1 0 2  //C26
7 3 6 3  //C27
3 0 6 2  //C28
1 9 6 4  //C29
1 2 5 5  //C30
8 9 5 1  //C31
5 3 4 7  //C32
8 1 1 5  //C33
3 2 0 1  //C34
6 7 8 0  //C35
3 3 3 7  //C36
2 7 1 0  //C37
6 4 1 1  //C38
3 4 3 7  //C39
5 9 6 3  //C40
9 8 5 1  //C41
9 0 8 9  //C42
8 4 8 3  //C43
3 4 2 4  //C44
5 7 8 8  //C45
2 3 1 3  //C46
0 9 2 9  //C47
8 2 6 7  //C48
0 5 1 5  //C49
8 2 8 2  //C50
8 2 1 1  //C51
6 7 8 8  //C52
1 9 2 7  //C53
0 8 1 6  //C54
7 2 1 9  //C55
7 9 0 5  //C56
8 1 3 7  //C57
3 7 6 3  //C58
8 6 9 9  //C59
1 9 6 3  //C60
1 3 7 9  //C61
0 8 6 2  //C62
4 4 8 5  //C63
0 9 4 9  //C64
1 6 3 5  //C65
4 0 5 4  //C66
2 8 8 4  //C67
8 1 5 7  //C68
5 7 7 4  //C69
1 1 5 9  //C70
4 0 3 8  //C71
9 0 2 9  //C72
2 9 7 5  //C73
6 1 9 1  //C74
8 2 6 1  //C75
0 1 4 2  //C76
9 0 9 3  //C77
2 0 8 0  //C78
0 3 0 3  //C79
6 6 5 1  //C80
6 9 2 8  //C81
3 0 1 4  //C82
8 6 5 8  //C83
4 3 9 3  //C84
6 1 9 8  //C85
1 9 7 2  //C86
1 7 4 2  //C87
0 5 5 1  //C88
7 5 5 1  //C89
9 5 8 8  //C90
8 5 4 5  //C91
4 9 5 7  //C92
4 7 7 4  //C93
7 6 0 7  //C94
1 0 6 6  //C95
5 9 3 3  //C96
1 4 1 9  //C97
8 8 3 0  //C98
3 0 0 5  //C99
5 1 7 2  //C100
1 7 7 3  //C101
8 0 3 0  //C102
4 7 9 8  //C103
9 2 3 9  //C104
1 0 4 9  //C105
7 6 8 6  //C106
3 6 1 6  //C107
6 4 2 0  //C108
2 3 4 8  //C109
1 0 5 0  //C110
0 1 4 0  //C111
8 4 1 1  //C112
7 0 4 4  //C113
6 7 5 5  //C114
8 1 9 1  //C115
8 7 3 9  //C116
5 8 6 5  //C117
7 4 8 1  //C118
5 4 9 5  //C119
1 7 7 8  //C120
5 0 9 6  //C121
0 7 4 4  //C122
8 8 9 9  //C123
0 3 2 3  //C124
7 4 5 0  //C125
8 6 3 3  //C126
2 3 9 2  //C127
8 9 4 1  //C128
4 1 6 7  //C129
7 7 9 8  //C130
3 1 6 8  //C131
4 8 0 1  //C132
1 5 8 6  //C133
2 6 9 8  //C134
7 6 3 7  //C135
8 2 5 8  //C136
4 8 5 9  //C137
7 4 5 0  //C138
5 6 6 7  //C139
9 4 8 4  //C140
2 7 0 3  //C141
1 8 8 7  //C142
1 7 0 1  //C143
3 2 9 1  //C144
5 7 4 6  //C145
3 1 3 6  //C146
9 7 0 5  //C147
0 2 8 2  //C148
8 9 4 0  //C149
1 2 7 6  //C150
0 7 7 0  //C151
4 4 6 3  //C152
7 5 1 2  //C153
9 1 0 1  //C154
4 3 3 3  //C155
7 2 7 8  //C156
8 7 3 4  //C157
7 9 0 3  //C158
0 8 6 5  //C159
3 3 2 5  //C160
1 7 8 5  //C161
1 6 2 6  //C162
8 3 6 7  //C163
8 4 8 7  //C164
0 9 1 6  //C165
1 2 6 7  //C166
5 8 1 1  //C167
5 5 7 1  //C168
0 8 1 0  //C169
3 2 7 1  //C170
5 7 5 3  //C171
2 2 4 6  //C172
9 8 4 4  //C173
1 6 4 9  //C174
0 0 0 3  //C175
4 1 0 2  //C176
5 5 6 0  //C177
2 8 3 8  //C178
2 9 0 3  //C179
6 2 4 2  //C180
3 5 1 6  //C181
0 3 9 4  //C182
4 2 9 3  //C183
2 3 7 3  //C184
6 2 8 7  //C185
5 4 3 1  //C186
5 6 2 1  //C187
5 0 2 8  //C188
6 7 9 8  //C189
9 3 2 1  //C190
5 2 5 9  //C191
9 0 5 8  //C192
2 7 7 3  //C193
4 7 7 9  //C194
2 0 1 3  //C195
1 8 8 4  //C196
9 1 6 4  //C197
3 8 3 3  //C198
0 6 2 3  //C199
