1 // server
5 // machine
100 // customer

 //p, q, a
2 2 0 //M0
1 3 0 //M1
5 6 0 //M2
6 6 0 //M3
6 2 0 //M4

 M0  M1  M2  M3  M4 
5 9 0 9 0  //C0
8 2 3 8 9  //C1
5 7 9 8 1  //C2
9 5 2 9 0  //C3
2 5 3 6 5  //C4
8 6 8 3 7  //C5
3 4 0 9 5  //C6
7 8 5 3 1  //C7
8 2 2 7 5  //C8
4 0 1 0 4  //C9
0 3 6 6 8  //C10
0 5 3 4 1  //C11
1 3 0 1 6  //C12
0 6 0 3 4  //C13
0 9 9 8 2  //C14
9 2 5 0 0  //C15
7 4 8 8 7  //C16
0 8 4 1 4  //C17
1 5 1 1 9  //C18
4 2 1 1 4  //C19
7 0 8 6 3  //C20
0 4 7 4 8  //C21
7 0 2 3 4  //C22
6 5 1 3 5  //C23
1 2 9 8 2  //C24
5 8 8 8 7  //C25
7 1 3 6 3  //C26
7 6 2 4 7  //C27
6 1 0 2 7  //C28
1 2 7 7 3  //C29
8 0 8 5 2  //C30
5 1 9 3 8  //C31
1 6 9 6 0  //C32
6 6 6 0 6  //C33
9 3 6 6 9  //C34
0 1 6 1 1  //C35
3 0 0 5 8  //C36
6 2 8 3 7  //C37
6 7 8 6 5  //C38
9 1 3 1 1  //C39
4 5 7 0 3  //C40
5 3 1 5 1  //C41
3 4 8 1 4  //C42
1 5 3 7 4  //C43
3 8 3 3 0  //C44
2 4 9 1 9  //C45
9 8 4 0 6  //C46
7 3 9 1 3  //C47
3 1 2 1 3  //C48
1 8 7 2 4  //C49
4 7 5 7 7  //C50
6 2 4 0 0  //C51
1 3 0 5 2  //C52
5 9 8 5 6  //C53
8 5 2 4 1  //C54
2 6 1 9 8  //C55
4 7 7 7 5  //C56
1 2 6 2 0  //C57
4 8 9 0 1  //C58
9 0 6 8 7  //C59
1 0 1 5 5  //C60
9 5 1 6 5  //C61
0 1 4 2 6  //C62
4 6 3 0 1  //C63
3 2 5 4 1  //C64
9 6 1 3 1  //C65
1 9 2 1 6  //C66
4 5 2 1 6  //C67
5 1 0 6 0  //C68
3 4 6 4 7  //C69
2 7 5 7 4  //C70
8 4 7 3 6  //C71
2 4 8 4 4  //C72
0 8 2 5 2  //C73
9 3 2 4 6  //C74
1 2 9 4 8  //C75
4 9 7 5 8  //C76
3 4 5 7 7  //C77
9 8 8 4 3  //C78
1 3 5 2 9  //C79
4 1 0 1 8  //C80
8 5 1 0 2  //C81
6 5 2 5 1  //C82
3 6 2 5 1  //C83
5 3 5 8 2  //C84
1 5 7 0 5  //C85
8 7 6 4 3  //C86
2 8 6 7 0  //C87
7 2 4 4 1  //C88
4 5 3 3 9  //C89
4 0 9 1 4  //C90
0 6 2 8 7  //C91
3 8 0 5 3  //C92
8 8 8 1 8  //C93
5 0 4 5 3  //C94
3 8 1 6 7  //C95
5 2 4 0 0  //C96
8 7 5 0 2  //C97
6 5 7 0 6  //C98
9 2 9 0 2  //C99
