1 // server
5 // machine
50 // customer

 //p, q, a
7 4 0 //M0
4 7 0 //M1
1 7 0 //M2
4 8 0 //M3
5 7 0 //M4

 M0  M1  M2  M3  M4 
7 4 7 9 5  //C0
7 6 1 5 4  //C1
7 4 3 9 0  //C2
3 2 2 3 7  //C3
3 7 9 6 1  //C4
2 7 4 3 9  //C5
8 6 2 7 4  //C6
7 7 0 1 6  //C7
7 8 4 6 1  //C8
2 8 4 6 7  //C9
4 1 4 7 3  //C10
9 4 0 8 3  //C11
9 1 7 6 6  //C12
0 1 6 4 2  //C13
6 1 0 6 9  //C14
4 2 2 4 8  //C15
3 3 7 6 4  //C16
6 2 5 4 5  //C17
2 6 2 8 7  //C18
5 1 8 0 1  //C19
1 2 9 3 0  //C20
2 0 8 7 9  //C21
7 1 6 9 9  //C22
5 3 0 1 9  //C23
8 6 1 9 9  //C24
9 9 1 9 3  //C25
3 4 2 3 7  //C26
0 3 3 6 2  //C27
6 4 7 4 8  //C28
1 0 2 8 1  //C29
2 0 6 1 2  //C30
4 0 0 4 0  //C31
3 8 8 3 6  //C32
2 9 2 2 8  //C33
2 9 4 9 3  //C34
4 9 7 1 8  //C35
9 6 3 7 1  //C36
2 7 0 0 2  //C37
0 2 9 5 9  //C38
7 5 3 8 5  //C39
1 8 9 0 9  //C40
2 5 7 8 8  //C41
5 3 9 6 1  //C42
6 5 0 2 3  //C43
4 9 1 9 8  //C44
9 0 9 9 5  //C45
8 5 8 5 7  //C46
1 6 3 8 9  //C47
7 0 2 1 7  //C48
6 3 3 4 3  //C49
