1 // server
4 // machine
200 // customer

 //p, q, a
4 4 0 //M0
5 9 0 //M1
2 4 0 //M2
6 8 0 //M3

 M0  M1  M2  M3 
8 3 0 7  //C0
1 1 7 6  //C1
7 1 7 9  //C2
5 0 4 2  //C3
0 1 9 2  //C4
1 8 4 3  //C5
9 1 5 8  //C6
9 8 3 3  //C7
3 7 0 0  //C8
5 3 0 1  //C9
7 5 0 0  //C10
2 4 4 2  //C11
8 2 9 0  //C12
3 4 5 0  //C13
9 6 7 9  //C14
5 8 6 8  //C15
8 4 6 7  //C16
9 3 6 6  //C17
1 8 4 5  //C18
8 3 1 5  //C19
6 3 9 7  //C20
9 3 9 9  //C21
1 0 1 8  //C22
5 0 5 9  //C23
9 1 2 8  //C24
8 7 2 5  //C25
5 2 9 4  //C26
9 0 1 5  //C27
5 2 3 2  //C28
8 9 9 5  //C29
4 6 6 9  //C30
1 8 0 0  //C31
3 5 6 7  //C32
1 2 6 9  //C33
0 4 1 6  //C34
4 5 9 1  //C35
8 6 2 2  //C36
7 2 0 9  //C37
1 6 3 1  //C38
0 3 3 7  //C39
1 8 1 4  //C40
3 4 3 2  //C41
6 3 2 3  //C42
8 3 0 8  //C43
7 5 0 5  //C44
5 7 2 1  //C45
4 7 5 4  //C46
8 5 8 6  //C47
1 4 4 5  //C48
4 4 7 4  //C49
2 0 6 3  //C50
9 6 0 8  //C51
6 5 3 5  //C52
2 7 2 4  //C53
6 0 9 5  //C54
9 8 3 0  //C55
5 5 2 4  //C56
8 5 4 2  //C57
7 6 3 5  //C58
0 8 1 7  //C59
6 7 8 3  //C60
2 2 3 3  //C61
1 0 9 4  //C62
5 1 4 3  //C63
6 6 8 4  //C64
4 6 9 0  //C65
1 0 8 6  //C66
3 7 3 7  //C67
8 1 9 2  //C68
9 0 8 2  //C69
1 8 2 8  //C70
6 0 7 5  //C71
1 9 8 4  //C72
0 6 3 9  //C73
7 8 2 1  //C74
4 7 9 4  //C75
7 1 5 3  //C76
2 2 3 5  //C77
7 6 2 5  //C78
4 1 3 0  //C79
2 2 4 3  //C80
8 8 6 1  //C81
8 9 4 1  //C82
7 6 7 4  //C83
9 7 1 4  //C84
4 4 2 9  //C85
5 3 6 4  //C86
4 8 5 6  //C87
4 1 8 1  //C88
2 5 6 8  //C89
5 3 5 3  //C90
7 2 8 1  //C91
8 8 6 6  //C92
0 9 5 8  //C93
0 5 8 5  //C94
1 2 7 9  //C95
4 8 6 5  //C96
7 5 1 3  //C97
1 2 9 1  //C98
9 9 1 3  //C99
4 5 5 5  //C100
2 8 6 5  //C101
5 0 1 7  //C102
7 1 7 2  //C103
5 5 8 9  //C104
5 2 3 2  //C105
7 2 5 7  //C106
9 4 8 0  //C107
4 4 0 6  //C108
7 1 6 5  //C109
1 1 9 6  //C110
4 4 5 9  //C111
5 7 5 3  //C112
1 1 7 2  //C113
2 2 8 9  //C114
3 8 5 1  //C115
2 1 2 3  //C116
0 0 4 3  //C117
8 3 7 4  //C118
2 6 8 3  //C119
7 5 2 2  //C120
8 5 9 2  //C121
7 8 4 5  //C122
3 7 2 3  //C123
5 8 4 2  //C124
1 2 9 4  //C125
2 2 4 7  //C126
3 2 9 5  //C127
3 5 2 7  //C128
5 2 3 7  //C129
2 9 6 2  //C130
6 9 0 1  //C131
0 4 8 4  //C132
1 5 1 5  //C133
6 8 0 6  //C134
0 1 9 4  //C135
8 8 1 7  //C136
5 5 7 3  //C137
5 7 0 1  //C138
5 6 7 2  //C139
1 3 7 9  //C140
4 5 3 8  //C141
3 6 1 7  //C142
2 6 7 1  //C143
0 2 3 7  //C144
8 2 6 5  //C145
7 5 8 4  //C146
4 0 9 9  //C147
0 8 5 6  //C148
3 0 9 3  //C149
4 2 4 8  //C150
4 9 0 8  //C151
0 9 0 3  //C152
3 0 4 8  //C153
7 2 1 8  //C154
6 9 3 2  //C155
6 1 7 3  //C156
1 0 7 0  //C157
2 0 2 5  //C158
8 7 1 7  //C159
4 0 3 5  //C160
0 6 6 0  //C161
3 6 8 1  //C162
8 1 7 5  //C163
9 1 2 2  //C164
2 7 6 9  //C165
1 9 1 3  //C166
7 8 0 0  //C167
0 3 3 5  //C168
5 7 2 0  //C169
4 7 9 5  //C170
1 6 2 0  //C171
2 7 6 6  //C172
5 8 5 7  //C173
3 4 3 0  //C174
4 3 2 5  //C175
6 8 0 4  //C176
8 1 9 1  //C177
8 1 7 4  //C178
7 1 7 5  //C179
7 0 0 9  //C180
2 3 5 2  //C181
8 5 2 1  //C182
3 2 5 1  //C183
4 4 9 3  //C184
5 7 2 0  //C185
8 5 8 3  //C186
0 0 0 2  //C187
6 8 2 3  //C188
3 3 3 2  //C189
3 8 6 2  //C190
9 7 7 5  //C191
5 6 0 2  //C192
2 4 9 0  //C193
8 9 1 7  //C194
4 1 1 7  //C195
5 0 5 5  //C196
0 2 8 1  //C197
1 6 0 7  //C198
0 0 1 0  //C199
