1 // server
5 // machine
200 // customer

 //p, q, a
6 2 0 //M0
8 5 0 //M1
1 3 0 //M2
8 5 0 //M3
5 8 0 //M4

 M0  M1  M2  M3  M4 
5 7 4 3 5  //C0
4 6 1 7 6  //C1
9 7 0 4 7  //C2
6 5 1 8 8  //C3
9 8 5 2 0  //C4
3 9 0 7 8  //C5
2 4 9 6 4  //C6
2 9 7 1 4  //C7
6 8 5 4 2  //C8
8 9 3 7 4  //C9
6 6 5 7 8  //C10
7 2 1 2 1  //C11
4 6 3 9 3  //C12
5 8 3 0 5  //C13
7 8 9 4 1  //C14
0 2 0 9 2  //C15
4 6 2 3 2  //C16
5 8 2 7 6  //C17
9 7 5 0 0  //C18
0 5 6 0 7  //C19
0 5 2 2 7  //C20
8 7 1 5 8  //C21
4 1 2 9 7  //C22
8 3 9 7 7  //C23
6 6 6 3 5  //C24
0 3 8 4 1  //C25
5 6 0 1 2  //C26
8 3 0 6 3  //C27
8 6 6 9 2  //C28
8 4 5 3 1  //C29
6 5 9 2 0  //C30
4 9 8 7 6  //C31
5 8 7 3 2  //C32
7 1 0 7 9  //C33
4 2 3 3 9  //C34
0 9 7 1 6  //C35
5 7 5 2 4  //C36
0 7 7 1 7  //C37
8 5 3 9 7  //C38
9 8 3 6 5  //C39
6 3 7 3 7  //C40
4 1 5 2 0  //C41
4 2 7 0 1  //C42
8 3 5 9 1  //C43
0 3 9 9 0  //C44
9 9 4 5 0  //C45
1 6 0 5 9  //C46
1 9 1 5 0  //C47
9 1 4 0 2  //C48
6 7 2 8 9  //C49
6 3 3 4 4  //C50
3 3 8 3 7  //C51
4 7 9 2 8  //C52
8 1 1 0 9  //C53
8 1 0 9 2  //C54
9 8 8 6 3  //C55
1 6 6 6 3  //C56
7 2 5 1 6  //C57
8 1 8 7 5  //C58
2 1 2 2 4  //C59
5 5 2 8 1  //C60
5 3 4 2 5  //C61
4 5 1 9 6  //C62
8 0 3 8 0  //C63
6 5 0 3 1  //C64
6 2 3 3 0  //C65
7 6 6 2 8  //C66
6 4 7 4 8  //C67
4 7 3 5 2  //C68
2 0 8 0 7  //C69
1 7 3 1 8  //C70
9 5 8 7 4  //C71
2 9 1 1 7  //C72
7 8 8 1 0  //C73
4 3 9 9 5  //C74
8 1 4 0 8  //C75
6 4 2 6 9  //C76
9 2 5 4 8  //C77
0 5 9 9 6  //C78
4 6 2 8 5  //C79
4 1 6 0 3  //C80
7 8 4 5 9  //C81
8 0 7 9 8  //C82
8 7 4 1 8  //C83
4 2 4 3 9  //C84
8 3 9 3 0  //C85
1 9 6 5 3  //C86
4 7 1 3 2  //C87
1 8 0 4 9  //C88
9 7 0 1 7  //C89
7 1 0 9 0  //C90
2 7 3 1 4  //C91
3 8 0 4 8  //C92
9 4 2 5 3  //C93
1 5 1 9 6  //C94
6 2 9 3 9  //C95
1 2 8 6 3  //C96
9 8 6 5 1  //C97
7 4 0 8 8  //C98
2 7 5 6 0  //C99
5 4 5 7 6  //C100
1 0 0 2 4  //C101
0 7 9 1 2  //C102
1 0 4 0 8  //C103
0 8 7 4 5  //C104
6 5 3 1 4  //C105
8 6 3 2 4  //C106
6 7 1 9 1  //C107
9 8 3 1 0  //C108
0 5 8 6 7  //C109
2 3 5 7 0  //C110
7 7 0 1 9  //C111
6 7 8 8 5  //C112
3 3 6 7 5  //C113
3 9 5 9 9  //C114
2 4 6 3 5  //C115
1 7 6 4 2  //C116
5 1 6 2 7  //C117
9 7 9 9 5  //C118
2 9 5 5 7  //C119
6 9 0 0 3  //C120
3 8 6 7 8  //C121
2 0 6 6 8  //C122
8 0 4 6 9  //C123
2 7 3 0 6  //C124
6 9 5 3 7  //C125
2 9 0 6 8  //C126
2 6 6 0 9  //C127
7 5 8 3 4  //C128
8 0 2 0 6  //C129
1 5 8 5 4  //C130
9 5 0 3 7  //C131
3 2 2 0 5  //C132
3 0 0 8 6  //C133
2 3 3 6 2  //C134
7 8 9 6 8  //C135
5 6 4 6 5  //C136
7 0 4 2 8  //C137
7 5 3 3 5  //C138
4 2 8 8 0  //C139
8 9 4 4 4  //C140
8 1 2 3 6  //C141
0 5 4 5 1  //C142
6 7 6 4 8  //C143
2 5 8 9 9  //C144
7 9 0 1 7  //C145
5 0 1 5 9  //C146
6 2 0 2 6  //C147
5 8 1 5 7  //C148
1 0 7 1 9  //C149
7 6 3 9 7  //C150
2 1 4 5 7  //C151
8 1 1 5 1  //C152
9 3 9 5 5  //C153
4 7 3 8 2  //C154
4 3 2 1 7  //C155
6 1 9 1 0  //C156
8 7 1 7 7  //C157
4 7 4 5 7  //C158
4 7 5 4 7  //C159
7 1 2 5 4  //C160
0 2 5 7 3  //C161
9 9 3 7 1  //C162
7 2 9 5 2  //C163
2 2 2 8 1  //C164
7 2 8 0 7  //C165
7 7 7 3 9  //C166
4 9 3 7 0  //C167
6 2 4 3 7  //C168
4 3 7 4 0  //C169
2 8 0 2 5  //C170
5 9 4 4 6  //C171
7 3 4 9 6  //C172
1 2 9 8 6  //C173
7 8 1 5 5  //C174
0 7 8 0 6  //C175
3 5 4 9 5  //C176
8 7 4 8 3  //C177
5 5 9 0 2  //C178
2 7 4 7 5  //C179
2 4 8 7 3  //C180
3 6 4 6 5  //C181
8 0 3 8 3  //C182
2 9 5 4 7  //C183
4 7 0 4 1  //C184
2 9 1 2 3  //C185
2 3 0 4 3  //C186
9 6 6 6 1  //C187
2 2 8 3 5  //C188
4 1 1 7 0  //C189
2 2 9 0 1  //C190
5 3 4 6 0  //C191
4 4 1 3 3  //C192
4 9 8 4 3  //C193
5 2 8 3 4  //C194
1 8 7 8 6  //C195
0 8 4 2 0  //C196
9 3 0 3 7  //C197
5 1 0 5 6  //C198
7 0 5 9 1  //C199
