1 // server
4 // machine
30 // customer

 //p, q, a
7 9 0 //M0
7 8 0 //M1
2 2 0 //M2
7 7 0 //M3

 M0  M1  M2  M3 
7 9 5 9  //C0
8 5 5 5  //C1
8 8 5 1  //C2
2 0 4 2  //C3
3 5 9 7  //C4
0 4 4 6  //C5
1 6 2 2  //C6
1 2 8 1  //C7
9 7 2 7  //C8
9 3 3 0  //C9
3 0 4 6  //C10
1 0 6 6  //C11
4 5 3 5  //C12
1 9 6 2  //C13
5 9 7 2  //C14
3 3 4 6  //C15
9 3 1 4  //C16
7 6 2 0  //C17
1 8 4 9  //C18
0 7 4 1  //C19
9 5 8 5  //C20
8 3 0 0  //C21
1 0 2 9  //C22
5 1 6 0  //C23
6 7 6 7  //C24
9 1 8 8  //C25
2 3 3 3  //C26
5 6 2 7  //C27
5 6 2 7  //C28
5 8 8 6  //C29
