1 // server
4 // machine
200 // customer

 //p, q, a
4 5 0 //M0
1 4 0 //M1
6 7 0 //M2
4 6 0 //M3

 M0  M1  M2  M3 
5 7 4 0  //C0
8 4 8 9  //C1
5 4 4 2  //C2
1 5 3 1  //C3
6 0 0 3  //C4
6 1 8 7  //C5
7 4 9 4  //C6
7 4 8 1  //C7
2 2 8 1  //C8
7 9 3 0  //C9
5 3 0 3  //C10
6 3 5 8  //C11
0 8 6 5  //C12
6 0 8 4  //C13
9 6 2 3  //C14
4 3 1 0  //C15
6 3 9 8  //C16
6 1 4 6  //C17
7 9 7 2  //C18
0 4 0 4  //C19
8 0 4 9  //C20
8 2 4 2  //C21
3 4 2 0  //C22
6 9 5 1  //C23
1 0 7 3  //C24
3 7 2 9  //C25
4 0 7 7  //C26
2 6 4 5  //C27
6 8 5 3  //C28
9 2 2 3  //C29
8 7 5 2  //C30
9 4 9 8  //C31
4 5 0 0  //C32
7 6 1 1  //C33
8 5 4 8  //C34
4 7 9 7  //C35
9 7 3 8  //C36
3 1 2 8  //C37
7 3 5 5  //C38
1 0 9 0  //C39
0 9 2 6  //C40
5 3 7 9  //C41
7 4 5 4  //C42
8 4 9 0  //C43
7 8 2 1  //C44
0 0 4 2  //C45
3 1 2 3  //C46
1 5 9 8  //C47
5 4 7 4  //C48
4 3 2 5  //C49
9 4 1 9  //C50
6 7 0 3  //C51
4 4 8 3  //C52
7 7 9 9  //C53
5 0 2 3  //C54
1 4 7 1  //C55
5 7 9 3  //C56
6 4 6 4  //C57
6 6 2 5  //C58
8 5 6 6  //C59
0 8 9 7  //C60
6 5 0 7  //C61
4 7 9 4  //C62
0 8 4 5  //C63
6 9 4 8  //C64
8 7 7 9  //C65
8 3 7 0  //C66
5 4 1 0  //C67
3 6 2 2  //C68
4 0 5 9  //C69
6 2 8 8  //C70
5 1 4 7  //C71
2 7 8 8  //C72
0 7 8 3  //C73
1 0 8 3  //C74
8 9 1 0  //C75
6 8 1 3  //C76
6 1 0 6  //C77
4 5 2 5  //C78
9 9 3 6  //C79
8 0 8 7  //C80
5 2 9 5  //C81
8 8 1 4  //C82
1 1 0 6  //C83
0 7 1 7  //C84
0 1 0 1  //C85
7 2 3 5  //C86
5 2 4 2  //C87
6 2 4 8  //C88
1 4 5 4  //C89
8 5 5 7  //C90
9 5 4 3  //C91
4 5 5 1  //C92
7 6 5 7  //C93
9 7 0 2  //C94
8 3 9 5  //C95
4 9 8 9  //C96
6 2 5 5  //C97
2 6 8 5  //C98
5 2 1 1  //C99
8 0 1 0  //C100
6 3 4 9  //C101
6 7 8 4  //C102
3 3 6 4  //C103
5 9 3 0  //C104
7 5 6 1  //C105
9 9 8 0  //C106
8 0 2 6  //C107
5 9 4 7  //C108
2 9 8 1  //C109
5 8 3 9  //C110
4 1 2 9  //C111
0 3 9 5  //C112
9 1 3 3  //C113
3 9 0 6  //C114
4 3 1 5  //C115
5 1 8 4  //C116
8 8 2 5  //C117
0 2 5 8  //C118
2 7 7 8  //C119
7 9 9 4  //C120
0 6 7 4  //C121
5 1 4 2  //C122
9 2 6 1  //C123
7 7 4 2  //C124
2 7 0 2  //C125
1 3 4 7  //C126
6 4 1 6  //C127
2 1 9 5  //C128
4 7 4 8  //C129
4 4 9 7  //C130
4 0 6 8  //C131
5 3 1 4  //C132
3 4 5 9  //C133
9 7 3 6  //C134
1 9 8 0  //C135
0 8 0 7  //C136
2 1 7 0  //C137
2 5 8 8  //C138
8 2 7 1  //C139
7 5 2 2  //C140
3 6 2 7  //C141
5 9 5 6  //C142
3 7 6 4  //C143
5 8 7 6  //C144
0 9 5 3  //C145
6 1 1 7  //C146
6 7 1 6  //C147
9 2 9 5  //C148
7 5 7 3  //C149
5 2 1 3  //C150
5 0 6 4  //C151
8 4 2 0  //C152
4 1 0 8  //C153
9 8 5 2  //C154
4 5 1 8  //C155
7 9 6 1  //C156
8 1 6 0  //C157
1 4 0 7  //C158
7 2 8 6  //C159
4 6 8 1  //C160
4 1 1 8  //C161
1 1 5 9  //C162
0 5 8 0  //C163
1 3 5 6  //C164
4 4 6 7  //C165
7 2 9 0  //C166
0 3 0 7  //C167
0 9 7 7  //C168
6 9 3 6  //C169
7 8 0 6  //C170
5 7 9 5  //C171
5 0 6 4  //C172
6 1 2 9  //C173
9 1 4 1  //C174
2 1 7 7  //C175
1 8 9 0  //C176
8 1 3 1  //C177
9 8 8 5  //C178
4 0 2 0  //C179
2 3 5 0  //C180
6 5 0 8  //C181
7 7 7 5  //C182
5 2 4 6  //C183
1 2 5 7  //C184
8 9 7 4  //C185
6 4 5 8  //C186
3 6 5 9  //C187
8 4 8 8  //C188
5 6 0 5  //C189
7 0 3 0  //C190
3 8 6 6  //C191
3 2 3 2  //C192
4 5 1 3  //C193
5 1 3 2  //C194
0 2 5 0  //C195
2 8 6 0  //C196
3 5 0 4  //C197
1 0 9 7  //C198
5 7 1 8  //C199
