1 // server
3 // machine
100 // customer

 //p, q, a
5 2 0 //M0
5 3 0 //M1
4 6 0 //M2

 M0  M1  M2 
1 8 7  //C0
1 2 4  //C1
0 2 5  //C2
5 3 6  //C3
3 2 9  //C4
1 3 1  //C5
2 0 1  //C6
7 9 3  //C7
8 0 7  //C8
1 9 6  //C9
9 7 7  //C10
1 0 5  //C11
6 4 6  //C12
8 2 7  //C13
5 7 8  //C14
5 9 3  //C15
9 3 6  //C16
3 9 4  //C17
5 3 8  //C18
4 2 2  //C19
6 8 3  //C20
9 6 5  //C21
9 2 1  //C22
3 5 8  //C23
5 4 7  //C24
3 1 2  //C25
4 3 1  //C26
4 1 6  //C27
9 5 8  //C28
2 6 6  //C29
6 1 1  //C30
4 1 3  //C31
4 6 0  //C32
3 5 6  //C33
1 6 7  //C34
8 8 4  //C35
6 1 1  //C36
6 0 9  //C37
0 2 7  //C38
6 9 0  //C39
7 6 5  //C40
4 6 3  //C41
6 1 3  //C42
4 8 5  //C43
1 1 7  //C44
4 2 5  //C45
8 1 7  //C46
4 6 4  //C47
4 0 1  //C48
2 3 9  //C49
5 7 7  //C50
0 5 8  //C51
1 6 0  //C52
3 1 6  //C53
1 1 3  //C54
6 5 8  //C55
1 6 0  //C56
1 8 7  //C57
2 2 0  //C58
0 0 5  //C59
2 4 8  //C60
4 8 0  //C61
8 0 5  //C62
9 3 5  //C63
5 4 0  //C64
1 2 5  //C65
1 8 5  //C66
2 0 6  //C67
9 4 9  //C68
9 7 2  //C69
8 0 6  //C70
4 1 6  //C71
8 7 2  //C72
2 8 4  //C73
3 2 3  //C74
4 6 3  //C75
7 1 0  //C76
5 9 1  //C77
0 9 4  //C78
1 4 4  //C79
0 8 3  //C80
2 0 2  //C81
8 0 3  //C82
3 2 5  //C83
2 8 0  //C84
1 9 7  //C85
2 4 7  //C86
6 1 6  //C87
2 3 1  //C88
5 4 2  //C89
2 6 2  //C90
8 2 9  //C91
1 1 1  //C92
0 6 5  //C93
0 4 8  //C94
4 3 0  //C95
1 8 0  //C96
6 8 0  //C97
7 4 7  //C98
6 9 7  //C99
