1 // server
5 // machine
30 // customer

 //p, q, a
1 9 0 //M0
1 7 0 //M1
3 6 0 //M2
2 5 0 //M3
9 7 0 //M4

 M0  M1  M2  M3  M4 
3 4 5 2 7  //C0
8 2 7 9 4  //C1
2 3 9 4 3  //C2
6 6 0 9 7  //C3
0 9 0 3 4  //C4
1 0 2 2 1  //C5
3 1 7 6 0  //C6
0 1 9 2 1  //C7
3 0 1 2 8  //C8
7 0 5 3 5  //C9
8 0 4 2 7  //C10
3 3 2 7 6  //C11
7 0 4 8 1  //C12
0 6 2 3 2  //C13
5 7 8 7 4  //C14
0 7 7 4 7  //C15
0 4 8 7 2  //C16
2 6 4 8 6  //C17
6 8 1 6 3  //C18
2 5 3 0 8  //C19
1 7 1 0 9  //C20
1 2 7 7 7  //C21
6 5 7 0 5  //C22
3 2 7 5 8  //C23
4 1 3 7 6  //C24
7 5 1 4 2  //C25
4 4 6 6 6  //C26
2 2 7 7 1  //C27
0 9 7 1 0  //C28
1 0 1 0 0  //C29
