1 // server
5 // machine
50 // customer

 //p, q, a
7 4 0 //M0
9 8 0 //M1
7 7 0 //M2
2 2 0 //M3
4 5 0 //M4

 M0  M1  M2  M3  M4 
2 3 8 1 3  //C0
1 2 2 6 3  //C1
0 8 4 4 2  //C2
0 5 6 3 5  //C3
7 0 4 2 1  //C4
2 5 8 1 7  //C5
5 1 1 0 0  //C6
6 5 8 2 6  //C7
5 5 6 9 9  //C8
9 8 5 5 7  //C9
1 5 7 7 6  //C10
2 8 6 0 0  //C11
5 4 1 8 7  //C12
8 6 4 3 6  //C13
5 6 3 6 0  //C14
2 3 4 3 1  //C15
4 0 3 4 6  //C16
0 4 4 4 8  //C17
8 9 8 2 0  //C18
1 4 7 1 1  //C19
2 4 2 8 2  //C20
4 2 0 7 4  //C21
8 3 2 8 5  //C22
5 1 6 2 7  //C23
3 2 9 4 8  //C24
5 8 0 5 9  //C25
8 6 3 2 8  //C26
0 8 4 2 1  //C27
7 4 7 0 9  //C28
4 6 9 6 5  //C29
9 7 4 4 7  //C30
0 4 7 0 6  //C31
6 1 4 7 5  //C32
2 0 0 9 5  //C33
7 6 4 0 9  //C34
9 5 9 5 3  //C35
9 9 4 0 9  //C36
0 1 8 4 8  //C37
6 0 3 6 5  //C38
6 9 9 4 7  //C39
3 6 9 1 8  //C40
3 2 4 4 8  //C41
5 5 2 6 6  //C42
7 6 4 8 5  //C43
0 1 5 1 8  //C44
6 3 8 5 3  //C45
9 5 4 7 0  //C46
3 9 3 2 6  //C47
8 7 4 6 2  //C48
1 8 6 9 8  //C49
