1 // server
4 // machine
200 // customer

 //p, q, a
3 4 0 //M0
5 6 0 //M1
4 8 0 //M2
1 9 0 //M3

 M0  M1  M2  M3 
9 9 0 2  //C0
6 7 0 7  //C1
3 9 0 5  //C2
1 1 6 7  //C3
7 0 8 1  //C4
1 1 6 1  //C5
2 6 4 3  //C6
6 2 7 3  //C7
4 0 0 0  //C8
0 9 7 2  //C9
9 2 5 3  //C10
3 0 1 1  //C11
6 8 7 3  //C12
0 8 7 7  //C13
2 8 0 0  //C14
2 6 1 0  //C15
1 6 1 0  //C16
0 5 6 8  //C17
3 5 2 8  //C18
5 3 8 2  //C19
5 2 7 8  //C20
4 4 3 5  //C21
3 2 8 2  //C22
9 7 0 3  //C23
1 4 1 6  //C24
9 0 1 1  //C25
1 9 0 4  //C26
6 8 2 9  //C27
0 7 5 9  //C28
9 2 5 7  //C29
3 5 7 7  //C30
7 3 8 6  //C31
4 8 7 0  //C32
1 1 2 4  //C33
1 6 6 5  //C34
4 8 9 4  //C35
0 9 1 1  //C36
1 1 4 9  //C37
9 4 3 3  //C38
3 3 3 7  //C39
0 4 0 7  //C40
1 1 7 9  //C41
4 0 8 3  //C42
6 0 2 5  //C43
6 2 6 8  //C44
1 7 4 3  //C45
4 8 1 6  //C46
8 9 1 7  //C47
2 8 4 0  //C48
8 1 3 9  //C49
1 2 6 0  //C50
2 0 2 8  //C51
2 7 7 0  //C52
6 4 6 3  //C53
9 6 3 3  //C54
9 0 1 5  //C55
9 0 0 7  //C56
5 2 7 4  //C57
9 7 7 9  //C58
0 3 0 3  //C59
5 3 4 0  //C60
1 0 0 7  //C61
2 1 0 1  //C62
8 9 9 0  //C63
1 0 1 2  //C64
0 5 3 9  //C65
0 3 1 9  //C66
7 6 2 6  //C67
5 9 8 6  //C68
6 0 4 9  //C69
0 2 4 3  //C70
2 5 5 9  //C71
7 6 7 9  //C72
2 8 3 9  //C73
9 5 9 7  //C74
9 1 9 5  //C75
9 4 5 9  //C76
1 3 4 0  //C77
6 2 1 7  //C78
0 9 7 4  //C79
7 1 1 1  //C80
9 3 4 7  //C81
5 8 6 1  //C82
0 7 9 8  //C83
2 8 4 8  //C84
0 6 7 4  //C85
2 6 3 0  //C86
6 6 8 0  //C87
8 5 9 7  //C88
9 8 6 6  //C89
9 8 3 2  //C90
6 2 0 9  //C91
2 2 4 2  //C92
4 8 4 1  //C93
4 6 8 2  //C94
9 4 0 9  //C95
0 6 3 5  //C96
7 2 9 4  //C97
2 8 8 1  //C98
2 4 7 9  //C99
6 4 7 3  //C100
1 6 5 9  //C101
0 8 3 2  //C102
9 4 6 5  //C103
8 3 2 0  //C104
9 5 1 9  //C105
3 0 9 6  //C106
0 2 8 9  //C107
8 9 6 5  //C108
6 6 7 4  //C109
0 3 4 9  //C110
9 6 4 8  //C111
2 2 3 8  //C112
2 7 9 1  //C113
2 8 0 1  //C114
6 9 8 7  //C115
9 3 3 0  //C116
7 1 9 1  //C117
6 8 0 5  //C118
0 2 0 7  //C119
5 1 3 7  //C120
9 9 7 1  //C121
9 5 2 8  //C122
6 6 7 0  //C123
5 6 9 5  //C124
2 3 0 0  //C125
2 1 2 3  //C126
7 3 0 9  //C127
7 2 5 4  //C128
5 0 8 9  //C129
6 2 1 2  //C130
8 1 4 9  //C131
0 9 0 4  //C132
2 5 4 1  //C133
1 3 5 7  //C134
7 3 4 5  //C135
4 2 0 3  //C136
0 2 5 4  //C137
7 0 8 0  //C138
2 8 2 1  //C139
7 3 2 7  //C140
3 6 7 2  //C141
8 4 3 2  //C142
5 0 2 3  //C143
7 5 8 5  //C144
0 0 8 7  //C145
4 5 6 2  //C146
6 3 8 3  //C147
0 3 0 3  //C148
0 6 2 8  //C149
5 8 5 6  //C150
9 2 8 7  //C151
7 5 2 7  //C152
0 6 0 6  //C153
4 5 3 7  //C154
0 4 6 4  //C155
5 0 1 1  //C156
0 8 2 0  //C157
3 9 0 2  //C158
5 2 8 1  //C159
7 9 5 0  //C160
1 1 3 3  //C161
3 4 9 5  //C162
3 4 8 1  //C163
2 0 1 8  //C164
0 6 6 9  //C165
2 2 3 0  //C166
6 7 0 1  //C167
6 2 0 0  //C168
9 5 3 3  //C169
7 8 8 6  //C170
8 7 7 9  //C171
1 8 0 4  //C172
1 0 0 0  //C173
2 5 8 8  //C174
8 2 7 5  //C175
3 8 8 0  //C176
3 7 2 6  //C177
7 8 1 2  //C178
8 0 0 5  //C179
4 4 8 7  //C180
7 5 0 6  //C181
1 0 8 3  //C182
7 4 5 4  //C183
0 3 2 0  //C184
8 7 5 4  //C185
6 3 7 2  //C186
8 7 1 1  //C187
5 2 4 3  //C188
4 9 8 7  //C189
7 2 8 3  //C190
8 9 9 3  //C191
2 6 1 4  //C192
8 9 6 6  //C193
9 3 1 3  //C194
8 7 7 4  //C195
8 6 7 4  //C196
9 1 0 1  //C197
4 4 3 5  //C198
8 1 5 7  //C199
