1 // server
4 // machine
100 // customer

 //p, q, a
9 7 0 //M0
6 8 0 //M1
9 3 0 //M2
1 4 0 //M3

 M0  M1  M2  M3 
5 3 7 6  //C0
0 5 0 5  //C1
3 2 7 7  //C2
2 2 6 4  //C3
1 0 4 3  //C4
4 7 4 6  //C5
9 7 8 5  //C6
0 4 1 5  //C7
7 0 8 2  //C8
5 8 1 2  //C9
7 8 1 3  //C10
3 7 2 7  //C11
0 2 7 9  //C12
7 7 8 7  //C13
8 1 7 2  //C14
7 5 4 8  //C15
0 1 0 2  //C16
3 4 8 3  //C17
9 1 5 6  //C18
6 0 2 1  //C19
4 0 4 8  //C20
7 2 7 0  //C21
2 1 3 3  //C22
1 8 5 2  //C23
3 2 3 1  //C24
7 0 4 6  //C25
3 3 9 5  //C26
1 1 0 8  //C27
8 5 8 6  //C28
0 6 1 8  //C29
4 0 0 1  //C30
0 5 1 0  //C31
6 3 3 3  //C32
7 1 4 4  //C33
6 8 4 3  //C34
2 2 8 0  //C35
0 5 5 6  //C36
0 9 2 7  //C37
1 4 7 6  //C38
9 2 5 8  //C39
1 9 9 7  //C40
8 7 1 7  //C41
0 3 9 1  //C42
1 7 5 2  //C43
1 9 0 5  //C44
9 5 0 6  //C45
1 6 1 2  //C46
3 7 5 4  //C47
3 6 1 3  //C48
2 1 2 3  //C49
3 8 5 7  //C50
9 0 5 4  //C51
9 5 5 9  //C52
1 9 8 6  //C53
8 2 6 1  //C54
5 8 3 2  //C55
8 5 8 5  //C56
5 2 9 0  //C57
7 7 1 1  //C58
0 3 7 1  //C59
1 7 3 8  //C60
2 5 3 3  //C61
7 5 4 9  //C62
4 0 7 5  //C63
5 2 8 4  //C64
2 9 8 7  //C65
5 5 2 3  //C66
7 7 5 5  //C67
5 5 0 8  //C68
5 4 0 2  //C69
2 4 8 0  //C70
7 0 5 6  //C71
9 6 5 7  //C72
4 2 8 1  //C73
9 6 2 7  //C74
3 9 6 9  //C75
9 8 3 9  //C76
9 9 0 0  //C77
2 6 2 8  //C78
0 8 9 5  //C79
9 5 4 1  //C80
1 8 1 2  //C81
6 9 8 8  //C82
2 2 9 2  //C83
7 9 0 8  //C84
6 5 6 9  //C85
5 5 5 8  //C86
0 0 1 0  //C87
6 7 7 7  //C88
5 5 7 1  //C89
7 0 3 0  //C90
0 1 8 9  //C91
7 9 0 0  //C92
7 0 8 3  //C93
8 4 5 6  //C94
3 3 2 5  //C95
7 8 1 4  //C96
5 1 7 2  //C97
2 8 1 6  //C98
1 6 9 4  //C99
