1 // server
4 // machine
30 // customer

 //p, q, a
5 3 0 //M0
8 8 0 //M1
8 2 0 //M2
2 5 0 //M3

 M0  M1  M2  M3 
9 7 9 4  //C0
6 0 6 4  //C1
5 8 3 8  //C2
4 1 7 8  //C3
7 3 3 9  //C4
8 5 6 9  //C5
4 4 3 5  //C6
2 7 6 5  //C7
1 2 1 8  //C8
0 2 6 0  //C9
3 6 3 2  //C10
3 8 4 3  //C11
4 9 0 4  //C12
7 2 6 3  //C13
0 9 9 1  //C14
7 1 2 7  //C15
2 8 7 2  //C16
9 8 8 5  //C17
7 3 6 1  //C18
2 3 5 6  //C19
0 9 0 2  //C20
7 1 7 9  //C21
5 7 7 0  //C22
2 4 2 2  //C23
4 5 0 5  //C24
1 1 3 6  //C25
1 5 7 4  //C26
5 4 0 7  //C27
3 3 1 7  //C28
0 9 0 0  //C29
