1 // server
4 // machine
50 // customer

 //p, q, a
1 7 0 //M0
7 9 0 //M1
9 6 0 //M2
5 6 0 //M3

 M0  M1  M2  M3 
8 7 3 8  //C0
6 9 1 8  //C1
9 8 8 1  //C2
3 5 4 3  //C3
9 7 9 9  //C4
9 1 5 0  //C5
5 3 9 7  //C6
9 9 1 7  //C7
8 7 0 3  //C8
0 6 1 2  //C9
5 3 8 1  //C10
5 3 6 5  //C11
2 3 0 1  //C12
6 6 5 7  //C13
2 2 2 3  //C14
9 3 9 0  //C15
7 1 3 5  //C16
4 0 2 2  //C17
6 6 3 6  //C18
3 4 4 2  //C19
7 4 4 6  //C20
8 0 0 2  //C21
2 3 1 7  //C22
4 7 2 2  //C23
4 8 4 4  //C24
0 0 0 2  //C25
0 8 5 9  //C26
2 8 4 8  //C27
8 0 6 5  //C28
8 2 1 6  //C29
0 1 3 1  //C30
9 5 7 8  //C31
4 1 2 4  //C32
9 9 1 6  //C33
3 2 6 9  //C34
5 1 9 3  //C35
8 2 9 3  //C36
1 6 3 1  //C37
6 7 4 9  //C38
6 8 2 4  //C39
0 6 4 0  //C40
6 9 8 8  //C41
8 9 1 6  //C42
6 2 1 8  //C43
1 0 2 6  //C44
5 4 7 7  //C45
8 0 8 2  //C46
5 2 9 4  //C47
0 1 9 8  //C48
6 8 6 9  //C49
