1 // server
5 // machine
200 // customer

 //p, q, a
4 3 0 //M0
8 3 0 //M1
3 6 0 //M2
1 4 0 //M3
7 6 0 //M4

 M0  M1  M2  M3  M4 
7 0 6 0 6  //C0
8 8 9 0 8  //C1
1 0 8 5 5  //C2
5 1 8 5 3  //C3
2 4 7 7 3  //C4
1 1 7 6 5  //C5
7 2 9 1 4  //C6
9 1 7 4 8  //C7
0 4 6 2 6  //C8
3 2 3 5 7  //C9
3 2 7 3 2  //C10
2 3 9 6 5  //C11
7 0 3 5 0  //C12
8 1 7 1 6  //C13
4 3 3 6 3  //C14
8 7 4 0 9  //C15
8 8 2 9 1  //C16
5 4 6 8 1  //C17
5 1 0 9 1  //C18
9 0 1 1 8  //C19
2 5 1 9 2  //C20
0 8 1 9 3  //C21
5 8 9 6 6  //C22
9 8 4 3 5  //C23
3 5 9 9 0  //C24
3 2 4 5 3  //C25
8 5 2 1 7  //C26
3 6 2 6 1  //C27
6 3 6 4 6  //C28
6 2 3 3 1  //C29
1 6 7 6 5  //C30
7 5 1 8 9  //C31
7 4 6 5 5  //C32
9 6 7 8 2  //C33
2 5 7 2 8  //C34
9 8 4 3 3  //C35
0 9 0 3 2  //C36
2 7 6 6 0  //C37
7 4 4 7 3  //C38
2 7 0 8 7  //C39
0 4 4 1 8  //C40
5 8 5 8 5  //C41
8 1 8 4 8  //C42
8 3 2 2 3  //C43
1 0 1 8 4  //C44
8 1 0 8 5  //C45
2 7 5 6 3  //C46
6 4 9 4 7  //C47
3 2 8 1 2  //C48
6 6 9 8 5  //C49
8 4 7 5 5  //C50
0 3 6 6 0  //C51
4 7 6 2 2  //C52
0 5 2 1 2  //C53
4 4 7 5 9  //C54
8 1 9 5 8  //C55
2 1 2 3 7  //C56
7 9 0 0 2  //C57
2 7 2 3 2  //C58
6 5 6 8 1  //C59
0 3 7 5 1  //C60
4 6 2 5 6  //C61
8 3 1 8 8  //C62
2 4 3 4 4  //C63
0 5 1 8 0  //C64
7 1 3 2 3  //C65
3 5 0 3 7  //C66
8 3 6 2 3  //C67
0 7 4 3 4  //C68
8 5 4 5 0  //C69
1 2 1 3 1  //C70
4 2 9 5 4  //C71
2 2 9 2 3  //C72
2 3 7 0 0  //C73
8 8 1 1 3  //C74
3 0 7 4 1  //C75
1 7 8 2 1  //C76
0 4 6 2 3  //C77
5 4 1 7 0  //C78
7 7 2 9 1  //C79
5 8 3 5 1  //C80
3 1 9 0 7  //C81
3 4 4 3 2  //C82
5 4 7 0 3  //C83
8 6 5 7 4  //C84
4 6 3 1 5  //C85
5 7 7 3 6  //C86
3 3 3 0 8  //C87
9 5 6 4 9  //C88
1 0 8 5 5  //C89
3 0 2 6 3  //C90
9 3 5 0 7  //C91
6 7 8 4 2  //C92
6 7 0 7 9  //C93
1 1 6 1 3  //C94
3 9 0 8 3  //C95
3 8 8 5 2  //C96
5 5 0 0 7  //C97
0 8 2 3 1  //C98
1 6 2 2 3  //C99
3 9 0 5 3  //C100
2 3 0 2 0  //C101
9 2 6 7 3  //C102
8 9 2 1 6  //C103
0 6 0 0 9  //C104
2 8 2 0 2  //C105
6 6 7 5 9  //C106
4 7 2 2 0  //C107
2 4 7 0 7  //C108
7 1 5 0 3  //C109
1 4 1 6 2  //C110
7 9 0 6 0  //C111
3 0 0 0 3  //C112
3 5 1 7 9  //C113
0 7 0 1 4  //C114
6 8 0 3 2  //C115
1 2 2 6 0  //C116
2 5 0 3 1  //C117
4 6 6 1 6  //C118
1 3 7 6 3  //C119
1 0 7 0 2  //C120
4 3 9 2 6  //C121
9 9 7 4 9  //C122
1 7 3 0 1  //C123
7 4 7 5 4  //C124
3 0 9 5 2  //C125
2 0 3 9 0  //C126
0 4 2 3 5  //C127
8 6 8 7 1  //C128
5 9 2 1 5  //C129
4 9 6 4 6  //C130
6 2 2 5 9  //C131
3 4 4 0 3  //C132
8 5 8 3 8  //C133
6 5 0 4 3  //C134
1 6 0 3 9  //C135
4 8 7 0 7  //C136
2 4 9 2 3  //C137
8 2 6 4 1  //C138
3 2 8 3 3  //C139
0 0 8 2 8  //C140
8 9 2 0 4  //C141
0 2 8 6 4  //C142
5 6 3 2 1  //C143
4 5 5 0 0  //C144
3 9 5 2 9  //C145
9 8 6 0 8  //C146
4 0 4 1 9  //C147
2 1 8 7 3  //C148
5 4 9 0 6  //C149
7 8 5 2 8  //C150
4 4 7 2 5  //C151
9 4 9 0 5  //C152
1 6 7 8 0  //C153
4 1 1 3 9  //C154
2 6 7 7 4  //C155
8 9 4 5 2  //C156
0 2 4 1 3  //C157
9 2 2 6 9  //C158
7 2 7 2 1  //C159
9 7 1 0 2  //C160
5 6 2 2 6  //C161
7 7 0 7 6  //C162
9 9 3 8 5  //C163
8 1 5 4 0  //C164
1 9 5 3 1  //C165
0 9 5 5 5  //C166
1 8 4 3 7  //C167
4 0 1 5 5  //C168
2 2 4 0 9  //C169
7 8 9 7 3  //C170
7 1 6 9 0  //C171
5 1 8 1 5  //C172
8 1 5 1 4  //C173
1 5 0 0 0  //C174
8 0 9 9 8  //C175
9 4 5 4 3  //C176
1 9 8 2 7  //C177
9 2 4 3 1  //C178
2 1 9 9 6  //C179
0 6 2 5 8  //C180
2 8 9 6 4  //C181
7 1 7 1 0  //C182
1 5 4 8 4  //C183
9 3 3 4 5  //C184
9 0 7 9 7  //C185
7 0 0 2 7  //C186
3 1 0 6 0  //C187
3 0 1 7 9  //C188
7 5 2 2 0  //C189
7 6 1 5 7  //C190
7 3 8 0 9  //C191
1 1 0 8 7  //C192
7 1 5 4 7  //C193
9 5 8 7 0  //C194
9 1 5 4 7  //C195
3 7 4 8 0  //C196
0 8 4 4 9  //C197
0 3 0 7 8  //C198
2 9 3 0 2  //C199
