1 // server
5 // machine
30 // customer

 //p, q, a
7 4 0 //M0
5 8 0 //M1
5 7 0 //M2
9 9 0 //M3
6 8 0 //M4

 M0  M1  M2  M3  M4 
8 2 5 5 1  //C0
3 0 1 6 1  //C1
3 6 4 9 9  //C2
4 2 4 9 6  //C3
3 4 8 3 5  //C4
4 9 9 0 5  //C5
4 9 9 4 8  //C6
5 3 0 8 2  //C7
1 7 3 6 7  //C8
0 8 5 8 0  //C9
3 4 9 9 4  //C10
3 3 1 9 6  //C11
3 0 1 1 7  //C12
4 6 0 0 4  //C13
0 2 6 7 4  //C14
5 0 2 6 5  //C15
5 3 0 9 1  //C16
9 9 0 9 5  //C17
1 1 0 1 8  //C18
1 6 2 9 2  //C19
4 8 5 4 0  //C20
0 8 1 4 9  //C21
2 1 5 4 0  //C22
9 9 2 9 7  //C23
4 5 1 4 2  //C24
9 2 4 8 3  //C25
9 7 2 3 0  //C26
7 8 6 9 0  //C27
1 7 5 9 2  //C28
0 6 6 0 8  //C29
