1 // server
5 // machine
30 // customer

 //p, q, a
8 4 0 //M0
6 6 0 //M1
8 2 0 //M2
2 9 0 //M3
8 3 0 //M4

 M0  M1  M2  M3  M4 
1 7 1 3 2  //C0
9 5 3 9 2  //C1
3 4 1 1 7  //C2
2 6 3 8 9  //C3
1 0 9 2 4  //C4
7 6 7 2 1  //C5
8 1 5 6 7  //C6
0 6 5 3 4  //C7
7 8 6 0 0  //C8
3 2 3 8 5  //C9
4 8 0 8 9  //C10
0 8 9 9 5  //C11
2 7 1 8 4  //C12
2 9 4 3 7  //C13
6 0 9 4 1  //C14
3 4 8 1 0  //C15
4 2 9 6 6  //C16
9 1 7 7 7  //C17
2 7 5 7 1  //C18
0 6 8 6 8  //C19
4 8 9 1 9  //C20
3 8 5 6 6  //C21
6 9 7 9 1  //C22
9 8 5 1 4  //C23
0 2 7 6 4  //C24
8 4 2 3 1  //C25
7 5 2 3 5  //C26
6 3 8 6 3  //C27
0 5 1 0 0  //C28
3 0 6 6 1  //C29
