1 // server
5 // machine
30 // customer

 //p, q, a
2 2 0 //M0
7 3 0 //M1
7 3 0 //M2
1 4 0 //M3
7 2 0 //M4

 M0  M1  M2  M3  M4 
8 6 2 4 9  //C0
0 7 3 3 4  //C1
6 9 8 7 4  //C2
5 1 6 6 1  //C3
8 8 5 1 9  //C4
6 8 0 6 3  //C5
5 9 1 6 4  //C6
4 2 6 1 9  //C7
5 7 2 1 4  //C8
2 2 9 7 1  //C9
1 4 7 5 2  //C10
0 0 0 5 2  //C11
2 6 6 9 9  //C12
6 8 2 3 0  //C13
2 4 4 6 5  //C14
1 5 4 6 6  //C15
3 8 3 5 2  //C16
1 2 5 3 4  //C17
3 2 1 8 7  //C18
9 0 2 2 8  //C19
4 9 6 6 8  //C20
6 9 0 0 0  //C21
4 6 3 8 9  //C22
3 2 1 7 7  //C23
3 2 8 8 6  //C24
0 3 5 9 6  //C25
1 2 1 8 2  //C26
4 2 7 6 5  //C27
1 2 5 3 0  //C28
6 8 3 9 3  //C29
