1 // server
4 // machine
30 // customer

 //p, q, a
6 4 0 //M0
2 9 0 //M1
2 3 0 //M2
8 3 0 //M3

 M0  M1  M2  M3 
9 1 3 7  //C0
0 4 0 9  //C1
9 3 5 9  //C2
8 3 3 3  //C3
8 2 5 1  //C4
6 5 5 1  //C5
0 9 1 7  //C6
5 9 6 7  //C7
8 2 0 4  //C8
7 4 8 0  //C9
2 7 2 2  //C10
6 2 4 3  //C11
9 8 1 9  //C12
5 6 4 4  //C13
5 1 7 1  //C14
2 3 4 9  //C15
6 8 0 5  //C16
3 9 6 4  //C17
4 5 8 9  //C18
2 3 4 7  //C19
4 8 8 7  //C20
8 7 1 1  //C21
7 5 8 5  //C22
6 7 7 9  //C23
3 3 5 8  //C24
1 9 9 9  //C25
1 7 4 0  //C26
7 5 2 2  //C27
6 9 6 3  //C28
4 7 1 9  //C29
