1 // server
4 // machine
200 // customer

 //p, q, a
8 5 0 //M0
2 6 0 //M1
1 4 0 //M2
8 8 0 //M3

 M0  M1  M2  M3 
3 8 3 8  //C0
0 0 6 9  //C1
2 8 0 6  //C2
4 1 9 8  //C3
3 0 4 4  //C4
3 3 3 8  //C5
5 4 1 7  //C6
9 6 3 8  //C7
9 9 1 1  //C8
7 8 4 3  //C9
1 4 1 2  //C10
6 5 9 6  //C11
4 3 1 9  //C12
9 4 5 9  //C13
5 5 3 6  //C14
9 9 9 6  //C15
5 1 6 4  //C16
9 8 1 4  //C17
6 0 2 8  //C18
2 1 1 9  //C19
4 4 3 5  //C20
4 3 8 5  //C21
4 2 5 1  //C22
4 8 4 2  //C23
4 4 7 4  //C24
8 4 7 6  //C25
2 6 3 8  //C26
1 6 6 4  //C27
3 4 1 4  //C28
6 4 2 2  //C29
2 1 9 7  //C30
2 9 0 7  //C31
6 0 3 7  //C32
3 7 1 0  //C33
7 6 3 7  //C34
9 0 4 7  //C35
5 1 7 0  //C36
7 9 6 0  //C37
2 5 1 7  //C38
5 9 3 2  //C39
6 5 2 0  //C40
3 8 0 6  //C41
3 1 7 9  //C42
0 5 2 2  //C43
6 2 2 1  //C44
1 9 0 6  //C45
4 2 4 8  //C46
6 3 4 7  //C47
2 0 0 3  //C48
8 4 3 6  //C49
0 1 7 6  //C50
2 7 9 7  //C51
2 9 0 3  //C52
6 2 0 6  //C53
5 6 6 0  //C54
3 1 9 9  //C55
6 9 6 9  //C56
4 9 4 2  //C57
8 5 0 9  //C58
2 4 3 7  //C59
2 7 6 7  //C60
2 1 1 0  //C61
9 3 8 2  //C62
7 3 2 9  //C63
1 8 9 2  //C64
0 9 3 3  //C65
4 8 4 1  //C66
2 1 4 0  //C67
2 9 8 6  //C68
5 2 6 4  //C69
8 6 9 1  //C70
0 1 4 5  //C71
3 1 8 4  //C72
4 0 6 2  //C73
4 3 2 4  //C74
6 9 8 8  //C75
8 7 9 8  //C76
4 5 3 9  //C77
1 5 4 4  //C78
0 1 2 2  //C79
3 9 7 0  //C80
3 0 6 1  //C81
2 5 2 2  //C82
0 2 7 8  //C83
7 1 2 3  //C84
2 6 0 7  //C85
7 8 2 8  //C86
6 1 2 2  //C87
0 9 0 6  //C88
2 7 5 7  //C89
0 8 5 9  //C90
3 1 8 8  //C91
8 5 6 8  //C92
9 8 0 7  //C93
9 0 3 4  //C94
8 7 4 0  //C95
2 0 1 1  //C96
2 0 6 0  //C97
5 4 3 3  //C98
0 0 4 5  //C99
0 3 0 0  //C100
5 3 2 2  //C101
8 3 6 1  //C102
4 1 9 2  //C103
3 4 7 3  //C104
0 7 6 7  //C105
9 6 3 4  //C106
5 7 6 9  //C107
6 7 3 4  //C108
7 4 5 8  //C109
7 9 2 8  //C110
3 4 6 3  //C111
4 0 9 6  //C112
3 0 5 2  //C113
7 2 1 8  //C114
0 7 6 1  //C115
6 7 5 6  //C116
7 5 5 9  //C117
9 8 6 0  //C118
4 7 4 4  //C119
0 0 0 5  //C120
7 0 6 5  //C121
1 0 7 5  //C122
2 6 8 9  //C123
2 1 1 6  //C124
9 9 5 9  //C125
5 0 6 4  //C126
4 5 8 9  //C127
7 6 8 0  //C128
7 1 3 6  //C129
0 9 5 7  //C130
8 0 6 2  //C131
0 7 7 2  //C132
6 8 5 0  //C133
4 1 0 7  //C134
3 2 1 6  //C135
2 7 7 6  //C136
7 8 1 1  //C137
8 5 5 9  //C138
4 8 0 4  //C139
3 4 4 7  //C140
7 5 3 9  //C141
0 8 5 6  //C142
0 6 3 8  //C143
8 9 4 0  //C144
2 0 4 2  //C145
5 5 4 1  //C146
2 6 5 5  //C147
0 5 4 8  //C148
7 3 8 6  //C149
4 7 5 9  //C150
2 4 0 2  //C151
1 6 0 5  //C152
4 9 1 2  //C153
9 1 1 2  //C154
1 2 6 4  //C155
2 0 5 5  //C156
1 4 0 5  //C157
0 7 5 5  //C158
4 5 0 0  //C159
4 2 9 6  //C160
5 0 1 0  //C161
3 1 9 6  //C162
1 6 5 2  //C163
0 1 6 1  //C164
8 5 0 6  //C165
5 5 4 6  //C166
4 6 8 4  //C167
1 1 7 8  //C168
2 0 8 2  //C169
8 5 2 0  //C170
5 4 3 4  //C171
2 2 4 2  //C172
8 8 1 9  //C173
2 2 0 0  //C174
5 5 6 6  //C175
3 5 4 0  //C176
9 6 0 0  //C177
3 4 3 3  //C178
3 9 1 0  //C179
2 0 4 1  //C180
1 5 5 3  //C181
9 7 6 9  //C182
9 7 6 3  //C183
9 5 7 9  //C184
0 3 5 5  //C185
2 4 8 3  //C186
5 8 6 2  //C187
0 9 8 5  //C188
1 5 5 7  //C189
9 1 0 1  //C190
9 0 0 5  //C191
8 9 4 8  //C192
2 1 0 9  //C193
5 8 8 7  //C194
6 1 7 1  //C195
1 4 9 9  //C196
9 1 2 3  //C197
0 0 0 9  //C198
2 3 5 2  //C199
