1 // server
5 // machine
100 // customer

 //p, q, a
5 2 0 //M0
2 7 0 //M1
9 5 0 //M2
4 3 0 //M3
4 7 0 //M4

 M0  M1  M2  M3  M4 
3 1 3 7 3  //C0
6 3 7 3 0  //C1
4 3 3 5 6  //C2
6 9 8 1 6  //C3
8 0 8 1 8  //C4
1 3 3 5 2  //C5
0 7 2 9 2  //C6
9 9 5 5 5  //C7
1 9 1 6 4  //C8
1 6 6 0 2  //C9
5 4 9 7 8  //C10
2 2 2 9 2  //C11
3 0 1 0 9  //C12
6 0 4 2 7  //C13
7 3 3 6 5  //C14
8 9 1 6 6  //C15
4 6 2 3 7  //C16
5 7 4 0 9  //C17
6 6 6 2 2  //C18
0 8 0 6 8  //C19
0 2 4 3 4  //C20
1 0 3 2 9  //C21
3 1 5 2 8  //C22
6 7 8 3 4  //C23
8 6 3 2 0  //C24
1 7 1 3 4  //C25
0 8 4 8 5  //C26
2 2 9 8 6  //C27
4 4 1 0 6  //C28
4 1 3 4 5  //C29
3 9 7 2 9  //C30
4 8 1 2 3  //C31
3 9 9 8 9  //C32
5 7 6 7 5  //C33
4 8 0 7 9  //C34
4 4 2 6 5  //C35
0 3 6 8 1  //C36
1 1 2 9 1  //C37
3 0 7 4 2  //C38
5 4 3 1 0  //C39
7 4 6 8 1  //C40
5 9 9 2 4  //C41
9 5 4 6 3  //C42
0 2 1 7 8  //C43
3 4 7 6 2  //C44
3 0 5 5 4  //C45
9 1 1 6 7  //C46
5 7 8 6 5  //C47
1 1 9 4 1  //C48
8 6 0 0 1  //C49
2 3 5 3 7  //C50
3 7 0 6 8  //C51
4 3 4 8 5  //C52
7 4 8 8 8  //C53
3 3 5 1 6  //C54
2 5 2 4 4  //C55
6 0 5 3 1  //C56
6 5 7 8 4  //C57
8 6 2 7 1  //C58
8 7 0 8 3  //C59
3 7 2 2 8  //C60
9 7 4 7 4  //C61
7 4 6 2 1  //C62
3 8 0 6 9  //C63
1 7 9 3 9  //C64
6 1 7 9 7  //C65
4 4 3 0 0  //C66
9 7 2 4 2  //C67
8 1 0 4 7  //C68
4 0 0 5 7  //C69
0 6 3 9 2  //C70
6 7 8 3 2  //C71
7 0 4 9 0  //C72
2 0 5 1 2  //C73
6 5 6 4 1  //C74
0 7 5 5 5  //C75
5 0 2 1 7  //C76
8 0 4 8 4  //C77
1 8 9 2 4  //C78
7 6 0 3 4  //C79
3 4 8 3 1  //C80
4 0 9 7 2  //C81
9 2 3 8 6  //C82
6 8 3 1 2  //C83
2 6 7 7 0  //C84
7 6 3 9 3  //C85
3 6 1 1 1  //C86
0 2 8 9 2  //C87
7 1 6 6 5  //C88
9 5 1 5 8  //C89
9 3 8 1 2  //C90
7 7 1 2 4  //C91
8 6 9 4 9  //C92
2 0 1 6 5  //C93
4 9 3 9 4  //C94
0 9 1 2 1  //C95
1 4 8 1 3  //C96
9 7 0 8 3  //C97
3 0 5 5 4  //C98
0 1 1 7 2  //C99
