1 // server
3 // machine
200 // customer

 //p, q, a
9 7 0 //M0
9 6 0 //M1
1 4 0 //M2

 M0  M1  M2 
9 7 8  //C0
3 1 9  //C1
3 1 1  //C2
7 4 5  //C3
7 4 1  //C4
9 7 0  //C5
0 6 3  //C6
7 1 2  //C7
2 3 4  //C8
3 4 4  //C9
5 4 4  //C10
5 6 7  //C11
9 7 9  //C12
6 2 3  //C13
7 1 0  //C14
9 2 5  //C15
7 9 9  //C16
8 5 3  //C17
0 2 6  //C18
6 1 8  //C19
4 0 7  //C20
7 2 0  //C21
0 1 7  //C22
3 0 9  //C23
1 3 4  //C24
9 0 0  //C25
1 2 0  //C26
8 6 5  //C27
4 7 9  //C28
1 5 3  //C29
1 2 6  //C30
0 1 2  //C31
6 9 9  //C32
0 9 0  //C33
8 3 8  //C34
0 6 1  //C35
9 0 2  //C36
5 4 9  //C37
8 6 3  //C38
1 2 4  //C39
0 9 5  //C40
3 2 7  //C41
3 1 1  //C42
2 3 0  //C43
1 1 2  //C44
9 0 2  //C45
7 4 1  //C46
7 1 5  //C47
1 5 8  //C48
6 1 5  //C49
8 4 6  //C50
4 9 0  //C51
5 4 1  //C52
0 7 4  //C53
9 7 6  //C54
1 4 3  //C55
7 8 5  //C56
1 4 8  //C57
3 3 7  //C58
9 1 6  //C59
9 6 9  //C60
6 3 8  //C61
3 6 1  //C62
2 4 6  //C63
0 6 6  //C64
6 8 4  //C65
8 0 0  //C66
5 9 3  //C67
0 7 9  //C68
8 1 6  //C69
2 5 2  //C70
5 0 0  //C71
4 3 3  //C72
8 8 8  //C73
1 5 4  //C74
8 0 8  //C75
1 6 4  //C76
3 0 1  //C77
6 3 7  //C78
6 5 5  //C79
8 5 4  //C80
4 9 9  //C81
4 5 5  //C82
6 1 4  //C83
0 0 1  //C84
1 3 4  //C85
8 2 7  //C86
1 6 5  //C87
1 9 4  //C88
0 8 7  //C89
3 8 8  //C90
7 9 2  //C91
4 6 5  //C92
5 4 4  //C93
2 5 4  //C94
0 2 0  //C95
9 4 0  //C96
3 7 3  //C97
8 6 9  //C98
9 3 0  //C99
4 3 6  //C100
8 3 3  //C101
6 2 1  //C102
8 7 7  //C103
8 3 7  //C104
2 9 0  //C105
0 1 7  //C106
4 1 4  //C107
7 9 0  //C108
4 9 2  //C109
3 5 3  //C110
5 0 1  //C111
8 3 2  //C112
1 3 9  //C113
8 0 6  //C114
2 4 4  //C115
5 6 7  //C116
8 8 1  //C117
3 0 2  //C118
1 1 3  //C119
3 1 3  //C120
8 5 2  //C121
3 3 3  //C122
6 4 5  //C123
7 9 7  //C124
7 5 0  //C125
7 4 5  //C126
6 9 3  //C127
5 5 6  //C128
1 2 0  //C129
8 6 2  //C130
9 8 1  //C131
6 9 5  //C132
4 9 1  //C133
1 8 2  //C134
1 0 9  //C135
3 5 4  //C136
1 4 7  //C137
8 6 2  //C138
0 3 9  //C139
6 2 1  //C140
2 7 7  //C141
3 8 1  //C142
6 0 5  //C143
4 3 4  //C144
3 5 0  //C145
1 3 4  //C146
7 7 6  //C147
5 7 2  //C148
4 1 1  //C149
9 6 6  //C150
5 7 7  //C151
0 8 1  //C152
4 7 2  //C153
7 7 4  //C154
9 7 0  //C155
2 4 1  //C156
1 9 9  //C157
5 8 4  //C158
4 7 0  //C159
5 9 7  //C160
9 6 4  //C161
9 9 5  //C162
7 3 6  //C163
9 6 6  //C164
1 9 9  //C165
1 6 9  //C166
1 2 7  //C167
9 7 7  //C168
6 9 9  //C169
2 5 0  //C170
0 8 8  //C171
5 7 1  //C172
0 9 8  //C173
4 4 0  //C174
5 2 2  //C175
3 3 9  //C176
4 3 1  //C177
0 3 7  //C178
9 0 8  //C179
7 2 9  //C180
6 4 8  //C181
6 8 7  //C182
7 6 1  //C183
8 1 6  //C184
1 7 7  //C185
6 4 5  //C186
4 3 6  //C187
9 8 2  //C188
8 9 5  //C189
1 5 7  //C190
2 2 7  //C191
8 7 0  //C192
2 8 3  //C193
4 5 6  //C194
8 5 1  //C195
5 8 6  //C196
9 3 6  //C197
3 2 9  //C198
2 7 6  //C199
