1 // server
5 // machine
200 // customer

 //p, q, a
8 4 0 //M0
1 7 0 //M1
4 7 0 //M2
1 5 0 //M3
5 9 0 //M4

 M0  M1  M2  M3  M4 
6 0 2 2 1  //C0
5 2 6 7 1  //C1
3 5 5 0 9  //C2
2 7 1 5 1  //C3
6 0 2 5 2  //C4
7 2 3 8 8  //C5
1 4 6 2 1  //C6
6 9 6 7 1  //C7
9 3 9 8 7  //C8
2 7 9 8 1  //C9
9 9 8 3 3  //C10
6 8 7 9 3  //C11
3 8 8 8 0  //C12
9 8 2 8 3  //C13
2 1 3 4 2  //C14
3 0 4 7 9  //C15
0 2 5 7 9  //C16
1 5 2 9 5  //C17
7 2 6 3 8  //C18
0 5 1 8 8  //C19
3 4 1 4 8  //C20
7 5 4 1 9  //C21
5 3 9 0 3  //C22
0 3 1 8 8  //C23
3 6 3 2 5  //C24
9 5 9 6 1  //C25
8 9 5 9 5  //C26
5 1 0 8 1  //C27
6 1 1 0 0  //C28
4 3 5 0 7  //C29
6 4 2 0 4  //C30
7 1 8 9 8  //C31
2 5 8 9 1  //C32
6 7 9 4 8  //C33
9 3 2 6 1  //C34
1 4 3 2 1  //C35
6 9 9 8 5  //C36
4 6 5 4 8  //C37
3 2 1 9 9  //C38
0 3 2 8 4  //C39
6 4 0 1 8  //C40
3 1 6 8 3  //C41
3 8 6 8 2  //C42
3 5 9 4 7  //C43
0 2 4 6 4  //C44
6 1 3 7 1  //C45
7 2 4 7 4  //C46
2 8 8 0 1  //C47
2 9 6 1 5  //C48
5 6 2 6 5  //C49
4 4 8 1 4  //C50
3 9 4 7 1  //C51
1 7 8 7 5  //C52
0 3 8 3 0  //C53
4 7 8 2 4  //C54
0 5 3 1 8  //C55
0 9 6 1 6  //C56
3 3 2 3 0  //C57
2 4 1 9 9  //C58
4 1 9 5 4  //C59
1 7 9 6 0  //C60
6 5 5 7 3  //C61
8 6 3 8 1  //C62
2 1 6 0 2  //C63
7 1 5 2 7  //C64
0 6 9 3 9  //C65
9 6 7 7 6  //C66
2 0 9 1 0  //C67
7 8 5 9 2  //C68
6 0 2 7 6  //C69
3 4 9 3 7  //C70
0 2 6 9 9  //C71
0 6 2 7 4  //C72
2 9 5 1 8  //C73
2 1 5 0 4  //C74
8 5 5 0 1  //C75
9 3 1 6 6  //C76
4 7 3 0 5  //C77
0 3 0 1 0  //C78
0 6 7 4 0  //C79
7 5 1 8 4  //C80
1 8 9 8 8  //C81
5 7 5 7 9  //C82
6 4 5 1 0  //C83
4 5 5 5 8  //C84
8 0 3 9 3  //C85
2 7 0 9 4  //C86
4 2 2 2 4  //C87
5 8 4 1 0  //C88
3 8 2 1 4  //C89
6 0 6 4 5  //C90
1 9 5 0 6  //C91
1 5 9 5 5  //C92
7 6 5 3 4  //C93
3 2 3 6 4  //C94
6 0 4 4 5  //C95
0 7 1 5 7  //C96
2 1 6 4 2  //C97
5 7 2 6 3  //C98
0 9 9 6 3  //C99
6 2 9 7 0  //C100
4 6 9 0 8  //C101
1 5 0 4 5  //C102
3 3 3 7 3  //C103
5 0 1 1 9  //C104
5 9 7 3 3  //C105
7 0 7 1 9  //C106
7 8 4 4 3  //C107
5 2 5 5 0  //C108
0 7 8 0 9  //C109
7 5 1 2 8  //C110
5 0 7 7 5  //C111
4 9 5 6 0  //C112
0 7 9 5 7  //C113
4 8 8 4 8  //C114
3 4 5 1 9  //C115
8 1 7 4 6  //C116
2 8 5 3 3  //C117
7 1 7 9 8  //C118
5 6 9 4 0  //C119
3 7 2 2 4  //C120
9 7 7 4 4  //C121
1 4 6 8 6  //C122
3 1 1 9 8  //C123
1 1 6 2 0  //C124
3 1 8 5 2  //C125
7 4 0 1 6  //C126
0 8 4 9 7  //C127
4 1 1 8 1  //C128
2 5 8 2 5  //C129
4 5 9 6 8  //C130
1 1 0 1 1  //C131
7 8 2 2 7  //C132
6 3 5 2 6  //C133
4 7 1 2 4  //C134
0 0 7 0 8  //C135
7 2 6 9 8  //C136
1 4 4 2 4  //C137
9 8 3 7 9  //C138
5 8 8 1 5  //C139
8 0 5 6 0  //C140
6 3 7 1 8  //C141
0 3 9 3 3  //C142
5 2 3 3 5  //C143
1 9 2 7 6  //C144
6 3 4 2 8  //C145
1 1 6 5 9  //C146
7 6 0 8 1  //C147
8 7 2 4 4  //C148
5 8 9 4 4  //C149
3 5 4 5 3  //C150
9 7 7 9 4  //C151
2 9 4 3 6  //C152
8 6 4 3 5  //C153
8 2 4 2 7  //C154
4 6 7 3 1  //C155
7 4 0 8 4  //C156
6 7 1 1 0  //C157
0 8 0 3 8  //C158
8 2 9 8 6  //C159
9 4 5 8 6  //C160
1 0 2 8 9  //C161
2 9 4 8 7  //C162
8 9 6 8 9  //C163
1 5 3 3 5  //C164
9 1 0 4 8  //C165
1 7 9 7 1  //C166
2 8 1 1 3  //C167
5 4 3 1 7  //C168
0 4 2 5 9  //C169
9 5 0 8 4  //C170
3 1 2 2 7  //C171
0 0 7 9 7  //C172
5 0 7 6 4  //C173
9 7 4 5 3  //C174
6 1 1 5 4  //C175
4 9 4 4 8  //C176
6 6 0 2 8  //C177
1 6 9 4 3  //C178
5 7 3 3 2  //C179
0 6 5 1 0  //C180
2 0 5 5 8  //C181
1 9 7 7 2  //C182
1 5 3 0 1  //C183
9 9 5 8 2  //C184
3 8 0 2 8  //C185
9 8 7 3 4  //C186
7 3 3 4 6  //C187
5 1 5 3 6  //C188
2 8 1 2 2  //C189
9 3 2 2 2  //C190
1 1 7 8 6  //C191
3 0 3 6 9  //C192
3 1 4 3 4  //C193
7 1 8 4 6  //C194
8 3 1 2 0  //C195
4 6 7 9 8  //C196
5 5 5 0 3  //C197
6 5 5 7 2  //C198
4 7 9 4 2  //C199
