1 // server
4 // machine
100 // customer

 //p, q, a
9 8 0 //M0
2 8 0 //M1
1 7 0 //M2
9 5 0 //M3

 M0  M1  M2  M3 
2 1 1 7  //C0
6 8 1 7  //C1
6 3 8 4  //C2
0 6 0 7  //C3
2 3 4 4  //C4
2 9 1 5  //C5
9 5 3 5  //C6
4 2 0 8  //C7
1 3 4 5  //C8
0 5 2 6  //C9
1 9 5 2  //C10
5 6 3 2  //C11
8 3 5 7  //C12
1 4 2 3  //C13
0 5 8 1  //C14
4 5 2 3  //C15
2 9 2 7  //C16
2 5 7 7  //C17
1 8 3 3  //C18
3 8 0 2  //C19
1 1 7 1  //C20
7 3 7 7  //C21
0 0 5 5  //C22
6 0 2 6  //C23
6 2 9 6  //C24
3 6 0 2  //C25
6 8 6 3  //C26
1 8 9 1  //C27
5 6 0 3  //C28
7 1 6 8  //C29
2 5 6 1  //C30
0 2 1 0  //C31
5 7 6 1  //C32
9 3 9 4  //C33
0 4 4 8  //C34
7 3 5 1  //C35
1 3 9 0  //C36
0 9 8 5  //C37
5 1 4 8  //C38
0 8 2 4  //C39
6 5 7 4  //C40
2 8 1 1  //C41
7 5 2 3  //C42
6 7 1 8  //C43
9 4 0 6  //C44
2 1 9 6  //C45
8 1 6 8  //C46
9 0 3 1  //C47
2 0 2 1  //C48
5 1 9 3  //C49
1 8 3 5  //C50
6 5 8 7  //C51
9 5 8 6  //C52
8 6 1 5  //C53
6 1 5 0  //C54
2 3 1 6  //C55
1 0 1 6  //C56
5 9 3 7  //C57
4 6 4 3  //C58
8 4 0 3  //C59
3 8 8 4  //C60
1 7 3 5  //C61
9 6 5 4  //C62
5 8 1 8  //C63
7 6 3 5  //C64
4 2 2 0  //C65
2 0 1 1  //C66
1 7 7 2  //C67
0 2 7 3  //C68
5 7 4 3  //C69
7 5 7 9  //C70
4 8 2 5  //C71
5 6 6 1  //C72
0 4 9 0  //C73
5 7 1 0  //C74
6 1 3 1  //C75
8 2 3 3  //C76
1 7 2 9  //C77
1 9 8 8  //C78
5 3 6 3  //C79
8 5 6 5  //C80
0 6 2 6  //C81
3 6 8 7  //C82
5 4 7 6  //C83
1 5 0 1  //C84
5 8 4 8  //C85
3 7 9 0  //C86
6 0 5 2  //C87
1 7 1 0  //C88
4 7 0 2  //C89
0 7 0 5  //C90
9 5 4 7  //C91
2 1 7 9  //C92
2 4 8 0  //C93
1 8 2 3  //C94
6 1 9 3  //C95
0 5 6 7  //C96
2 6 1 3  //C97
4 8 0 7  //C98
8 9 9 8  //C99
