1 // server
4 // machine
200 // customer

 //p, q, a
8 8 0 //M0
4 2 0 //M1
3 4 0 //M2
5 5 0 //M3

 M0  M1  M2  M3 
2 4 3 4  //C0
3 8 4 5  //C1
5 2 7 4  //C2
2 5 3 8  //C3
2 9 0 4  //C4
5 3 7 8  //C5
0 5 3 2  //C6
7 4 7 9  //C7
3 2 7 8  //C8
2 5 1 3  //C9
5 3 2 3  //C10
9 6 5 2  //C11
5 6 8 3  //C12
2 0 8 9  //C13
7 4 4 8  //C14
4 2 7 1  //C15
4 8 1 0  //C16
8 4 5 6  //C17
8 7 9 1  //C18
1 4 8 3  //C19
9 1 6 1  //C20
6 4 7 2  //C21
4 8 1 7  //C22
0 2 8 2  //C23
6 1 8 1  //C24
4 5 4 0  //C25
0 1 5 5  //C26
1 6 7 2  //C27
6 0 8 2  //C28
5 5 4 9  //C29
1 9 5 9  //C30
3 7 6 5  //C31
8 6 5 0  //C32
5 7 9 3  //C33
7 6 0 5  //C34
9 1 1 8  //C35
1 8 1 9  //C36
4 5 6 0  //C37
6 8 0 4  //C38
9 4 7 3  //C39
5 9 6 4  //C40
0 6 7 8  //C41
1 4 5 9  //C42
4 9 0 9  //C43
8 7 7 4  //C44
5 6 1 3  //C45
0 4 4 6  //C46
7 4 4 2  //C47
8 7 0 9  //C48
5 7 7 4  //C49
0 2 8 9  //C50
0 6 5 6  //C51
8 0 6 2  //C52
7 2 7 8  //C53
8 2 3 5  //C54
2 1 1 6  //C55
0 2 0 7  //C56
9 0 3 0  //C57
0 3 3 2  //C58
7 2 3 3  //C59
9 7 8 6  //C60
7 2 5 6  //C61
9 1 1 2  //C62
3 1 2 9  //C63
1 2 8 7  //C64
5 7 7 7  //C65
7 6 1 3  //C66
8 5 0 6  //C67
9 9 6 5  //C68
3 4 8 8  //C69
7 4 8 8  //C70
9 0 7 8  //C71
1 4 1 5  //C72
3 6 8 1  //C73
0 0 9 1  //C74
0 1 7 4  //C75
0 5 3 4  //C76
5 6 6 6  //C77
3 0 0 0  //C78
9 8 7 6  //C79
8 3 2 4  //C80
4 5 2 3  //C81
1 5 4 2  //C82
5 6 8 5  //C83
7 4 7 4  //C84
7 3 3 4  //C85
7 4 2 3  //C86
6 7 2 1  //C87
2 3 2 6  //C88
8 2 0 5  //C89
2 0 2 9  //C90
2 4 1 6  //C91
2 4 3 4  //C92
1 3 8 5  //C93
9 8 7 9  //C94
2 9 6 4  //C95
3 3 9 1  //C96
3 1 6 4  //C97
4 2 1 6  //C98
0 3 2 3  //C99
2 5 0 1  //C100
3 7 0 9  //C101
4 6 6 9  //C102
5 0 2 2  //C103
3 8 6 8  //C104
4 0 2 0  //C105
7 8 0 8  //C106
1 1 5 6  //C107
6 3 7 6  //C108
8 5 0 5  //C109
3 0 6 6  //C110
4 7 9 4  //C111
9 9 3 2  //C112
6 3 9 2  //C113
3 0 3 5  //C114
6 1 7 3  //C115
1 0 2 2  //C116
2 5 4 8  //C117
7 0 5 3  //C118
3 5 6 0  //C119
9 6 9 2  //C120
8 3 9 3  //C121
4 5 3 8  //C122
1 5 8 2  //C123
3 3 5 3  //C124
4 7 1 4  //C125
5 5 4 6  //C126
8 5 8 7  //C127
3 3 5 0  //C128
2 5 4 8  //C129
1 9 7 7  //C130
1 5 6 2  //C131
2 2 0 9  //C132
0 2 6 2  //C133
4 4 7 3  //C134
9 3 5 8  //C135
7 6 4 7  //C136
9 8 9 8  //C137
9 7 2 4  //C138
9 4 2 9  //C139
8 1 3 5  //C140
5 8 7 1  //C141
7 3 6 7  //C142
7 1 9 7  //C143
4 9 0 5  //C144
0 8 3 4  //C145
2 2 0 2  //C146
9 1 3 0  //C147
2 7 4 7  //C148
9 9 3 8  //C149
9 3 0 5  //C150
1 2 0 7  //C151
8 5 0 0  //C152
3 6 8 9  //C153
8 9 2 3  //C154
7 4 1 6  //C155
0 5 4 9  //C156
6 1 8 4  //C157
5 1 6 7  //C158
8 7 2 0  //C159
1 3 4 4  //C160
0 2 6 5  //C161
9 4 9 9  //C162
7 9 1 4  //C163
1 4 5 6  //C164
7 0 0 6  //C165
6 5 4 2  //C166
0 1 1 0  //C167
7 1 1 4  //C168
0 7 5 7  //C169
8 8 0 2  //C170
2 9 7 5  //C171
0 1 5 4  //C172
1 5 2 1  //C173
2 7 8 5  //C174
8 4 5 8  //C175
3 8 1 5  //C176
8 6 4 4  //C177
8 8 7 8  //C178
9 8 4 7  //C179
8 8 1 8  //C180
5 7 8 2  //C181
9 9 2 2  //C182
8 9 9 4  //C183
3 2 8 3  //C184
7 1 7 4  //C185
6 0 5 3  //C186
8 3 1 3  //C187
2 0 6 9  //C188
2 6 2 5  //C189
9 9 5 9  //C190
4 2 5 8  //C191
8 2 5 7  //C192
9 1 9 6  //C193
1 7 2 5  //C194
1 5 4 5  //C195
7 9 0 8  //C196
3 9 1 6  //C197
9 3 3 8  //C198
5 8 9 4  //C199
