1 // server
4 // machine
100 // customer

 //p, q, a
6 4 0 //M0
5 2 0 //M1
2 6 0 //M2
5 7 0 //M3

 M0  M1  M2  M3 
6 6 3 1  //C0
0 8 6 3  //C1
1 6 6 0  //C2
7 4 2 6  //C3
9 5 2 0  //C4
6 6 5 0  //C5
5 7 0 7  //C6
8 0 6 1  //C7
1 3 2 1  //C8
8 1 5 8  //C9
3 4 4 5  //C10
7 4 8 1  //C11
0 7 0 6  //C12
2 4 9 0  //C13
1 2 5 3  //C14
7 8 4 1  //C15
0 5 8 4  //C16
1 1 8 8  //C17
0 4 6 2  //C18
1 9 3 1  //C19
8 8 6 0  //C20
9 0 9 7  //C21
3 2 9 5  //C22
5 1 0 5  //C23
9 3 5 2  //C24
6 4 0 8  //C25
9 2 5 7  //C26
7 7 8 1  //C27
9 4 5 9  //C28
1 4 1 9  //C29
5 0 0 8  //C30
2 3 2 8  //C31
4 1 3 7  //C32
4 0 4 3  //C33
7 7 1 6  //C34
5 1 0 6  //C35
4 7 5 1  //C36
6 0 3 4  //C37
1 6 6 5  //C38
4 2 6 6  //C39
0 7 3 5  //C40
4 1 7 9  //C41
0 1 1 3  //C42
3 5 4 4  //C43
0 4 4 4  //C44
7 1 2 3  //C45
7 8 5 7  //C46
4 8 9 5  //C47
1 4 5 7  //C48
8 4 2 3  //C49
9 6 0 5  //C50
9 9 1 6  //C51
2 1 5 9  //C52
8 2 8 9  //C53
4 9 8 6  //C54
5 0 4 1  //C55
1 5 2 8  //C56
0 6 6 5  //C57
2 1 4 1  //C58
0 6 4 7  //C59
6 9 5 2  //C60
3 9 7 9  //C61
6 6 3 8  //C62
6 6 7 9  //C63
1 9 4 3  //C64
7 2 5 5  //C65
5 9 7 6  //C66
7 7 9 8  //C67
4 0 9 5  //C68
4 2 7 1  //C69
8 3 2 4  //C70
3 7 9 6  //C71
3 5 9 0  //C72
2 1 0 3  //C73
3 9 7 4  //C74
2 0 2 8  //C75
6 4 3 6  //C76
6 2 4 9  //C77
1 2 4 3  //C78
0 1 2 7  //C79
9 1 3 1  //C80
8 8 5 3  //C81
9 5 1 4  //C82
5 3 9 7  //C83
1 4 7 8  //C84
4 3 9 1  //C85
0 9 8 0  //C86
6 6 3 1  //C87
7 9 4 0  //C88
7 0 0 7  //C89
9 0 6 1  //C90
0 0 4 7  //C91
3 7 2 6  //C92
4 4 3 6  //C93
2 2 0 8  //C94
9 5 6 2  //C95
1 9 7 5  //C96
9 8 9 0  //C97
3 9 8 3  //C98
6 7 0 0  //C99
