1 // server
5 // machine
50 // customer

 //p, q, a
9 6 0 //M0
1 9 0 //M1
7 3 0 //M2
1 8 0 //M3
3 3 0 //M4

 M0  M1  M2  M3  M4 
0 4 8 0 8  //C0
9 0 4 6 3  //C1
7 3 2 1 7  //C2
3 7 9 8 7  //C3
7 6 8 6 3  //C4
4 4 5 1 8  //C5
2 1 0 0 6  //C6
3 8 3 7 3  //C7
0 4 0 5 0  //C8
6 3 9 2 3  //C9
4 1 9 4 3  //C10
3 5 1 7 4  //C11
4 5 2 8 1  //C12
6 2 1 5 3  //C13
4 3 1 5 7  //C14
3 6 2 6 7  //C15
0 5 2 7 3  //C16
0 1 5 6 2  //C17
7 6 6 2 8  //C18
5 1 1 4 3  //C19
3 1 4 8 9  //C20
1 0 3 7 0  //C21
7 2 5 9 4  //C22
9 2 5 4 1  //C23
5 6 5 2 5  //C24
7 7 9 7 1  //C25
1 4 8 3 4  //C26
9 1 4 8 2  //C27
0 7 8 5 5  //C28
4 1 6 8 9  //C29
2 6 7 2 8  //C30
6 6 1 3 1  //C31
3 0 6 5 9  //C32
2 4 2 5 4  //C33
7 8 7 1 1  //C34
7 8 9 6 0  //C35
6 0 1 7 8  //C36
5 6 5 4 7  //C37
2 9 0 6 8  //C38
9 1 2 6 2  //C39
0 9 0 3 1  //C40
4 9 6 1 0  //C41
7 7 4 2 4  //C42
3 9 8 6 3  //C43
6 8 7 8 2  //C44
7 7 0 2 1  //C45
6 5 2 3 0  //C46
7 0 7 6 4  //C47
5 0 3 4 9  //C48
5 4 8 2 5  //C49
