1 // server
4 // machine
30 // customer

 //p, q, a
4 2 0 //M0
4 8 0 //M1
4 4 0 //M2
5 2 0 //M3

 M0  M1  M2  M3 
1 4 3 2  //C0
1 6 1 8  //C1
7 9 3 4  //C2
0 7 4 4  //C3
7 4 4 8  //C4
9 9 5 7  //C5
9 0 4 7  //C6
8 0 4 0  //C7
8 3 2 1  //C8
3 9 6 9  //C9
4 3 0 5  //C10
5 3 6 6  //C11
6 8 0 9  //C12
8 6 0 2  //C13
9 5 3 0  //C14
1 3 0 7  //C15
4 2 6 6  //C16
5 3 0 8  //C17
8 5 4 5  //C18
8 9 2 6  //C19
4 8 1 9  //C20
0 5 2 2  //C21
2 9 1 8  //C22
5 5 7 0  //C23
3 2 0 2  //C24
6 9 1 2  //C25
8 1 0 2  //C26
2 4 3 9  //C27
2 7 6 3  //C28
2 1 7 9  //C29
