1 // server
5 // machine
100 // customer

 //p, q, a
7 5 0 //M0
8 7 0 //M1
5 3 0 //M2
3 4 0 //M3
4 5 0 //M4

 M0  M1  M2  M3  M4 
7 6 0 8 9  //C0
7 5 6 4 0  //C1
3 3 8 5 2  //C2
2 4 8 5 6  //C3
9 0 4 0 4  //C4
9 4 8 8 3  //C5
5 4 2 0 5  //C6
2 0 6 5 9  //C7
2 5 7 4 0  //C8
4 6 2 4 2  //C9
7 3 8 7 4  //C10
6 2 0 4 0  //C11
3 6 8 0 5  //C12
8 1 7 0 9  //C13
2 8 3 6 3  //C14
3 2 0 0 9  //C15
2 2 4 5 6  //C16
1 6 4 6 8  //C17
0 0 1 5 6  //C18
6 7 7 8 1  //C19
3 8 1 5 0  //C20
8 0 2 4 0  //C21
4 1 0 4 7  //C22
0 2 2 3 4  //C23
2 6 1 2 8  //C24
1 7 7 0 7  //C25
6 5 1 8 6  //C26
3 0 8 5 7  //C27
0 4 0 6 4  //C28
8 9 6 7 5  //C29
3 5 3 3 9  //C30
6 7 9 6 8  //C31
1 3 1 6 4  //C32
8 9 1 8 3  //C33
0 3 6 5 4  //C34
7 6 4 7 9  //C35
2 0 0 4 3  //C36
1 1 8 9 0  //C37
6 1 2 7 6  //C38
7 2 3 2 5  //C39
8 8 8 3 5  //C40
0 8 7 9 1  //C41
0 2 1 6 5  //C42
1 2 7 2 3  //C43
6 1 2 7 7  //C44
8 1 9 9 6  //C45
5 2 2 2 1  //C46
4 1 6 9 3  //C47
2 4 8 7 0  //C48
3 9 5 1 5  //C49
4 5 0 8 8  //C50
7 5 0 5 6  //C51
9 8 7 2 6  //C52
8 9 9 5 1  //C53
9 6 7 9 0  //C54
2 3 4 7 4  //C55
9 5 7 4 2  //C56
9 1 4 3 3  //C57
8 0 0 3 4  //C58
3 6 6 1 1  //C59
3 0 0 9 6  //C60
7 8 1 8 6  //C61
4 0 3 1 7  //C62
3 1 3 9 6  //C63
7 5 5 1 2  //C64
8 6 4 5 6  //C65
5 7 3 5 0  //C66
8 5 8 8 4  //C67
1 9 5 7 9  //C68
8 7 8 6 0  //C69
2 3 6 4 4  //C70
8 5 8 6 7  //C71
1 3 6 1 0  //C72
7 6 7 1 8  //C73
8 3 5 4 4  //C74
7 9 7 1 4  //C75
0 7 8 4 4  //C76
2 0 9 1 1  //C77
3 7 1 0 3  //C78
7 3 4 6 2  //C79
1 0 7 7 2  //C80
9 7 1 9 7  //C81
8 7 6 2 6  //C82
4 5 2 7 8  //C83
6 7 6 9 5  //C84
0 1 4 1 7  //C85
3 5 0 8 2  //C86
0 9 0 1 4  //C87
4 9 9 3 3  //C88
5 0 9 3 8  //C89
1 1 6 8 6  //C90
4 3 7 2 2  //C91
7 3 9 2 3  //C92
2 7 7 9 6  //C93
4 5 0 2 3  //C94
6 7 2 5 0  //C95
0 2 0 2 5  //C96
2 8 1 2 8  //C97
6 1 8 9 6  //C98
1 9 7 9 0  //C99
