1 // server
5 // machine
50 // customer

 //p, q, a
2 5 0 //M0
2 6 0 //M1
1 3 0 //M2
7 9 0 //M3
2 2 0 //M4

 M0  M1  M2  M3  M4 
1 6 8 2 0  //C0
9 5 3 8 9  //C1
9 2 2 2 6  //C2
4 6 9 2 2  //C3
5 7 5 6 4  //C4
3 4 3 5 5  //C5
4 6 1 7 7  //C6
0 2 0 1 8  //C7
1 9 4 4 3  //C8
9 2 8 9 5  //C9
5 7 7 9 4  //C10
4 1 1 8 6  //C11
4 1 8 3 5  //C12
2 0 4 4 5  //C13
2 5 7 3 0  //C14
6 2 1 2 4  //C15
1 6 4 9 9  //C16
7 9 2 3 3  //C17
9 0 2 5 4  //C18
9 1 0 8 0  //C19
8 7 3 3 3  //C20
0 9 3 8 8  //C21
1 9 9 3 5  //C22
8 7 8 4 7  //C23
3 7 1 1 6  //C24
1 3 2 9 1  //C25
4 2 2 2 6  //C26
3 2 0 6 9  //C27
7 5 4 4 1  //C28
9 0 9 9 5  //C29
2 3 6 0 6  //C30
0 6 2 7 1  //C31
6 6 3 6 3  //C32
9 7 7 7 1  //C33
5 6 2 4 0  //C34
7 3 6 0 6  //C35
0 4 3 4 9  //C36
1 5 1 5 5  //C37
7 0 3 4 2  //C38
1 2 7 0 1  //C39
2 3 1 7 9  //C40
5 1 1 0 9  //C41
7 9 1 0 0  //C42
2 3 9 7 2  //C43
4 5 2 1 4  //C44
5 2 7 2 8  //C45
5 5 6 8 4  //C46
7 2 5 4 3  //C47
9 4 0 6 8  //C48
8 8 2 3 9  //C49
