1 // server
3 // machine
200 // customer

 //p, q, a
7 5 0 //M0
3 4 0 //M1
5 4 0 //M2

 M0  M1  M2 
6 2 0  //C0
1 9 2  //C1
0 5 0  //C2
1 1 3  //C3
4 5 6  //C4
6 0 0  //C5
4 0 4  //C6
5 3 5  //C7
3 3 5  //C8
8 9 7  //C9
3 0 2  //C10
7 4 9  //C11
3 6 8  //C12
0 4 1  //C13
6 1 8  //C14
0 5 1  //C15
2 0 4  //C16
2 8 3  //C17
7 0 8  //C18
4 7 5  //C19
6 1 6  //C20
2 8 0  //C21
0 7 0  //C22
7 3 3  //C23
1 3 6  //C24
3 9 2  //C25
6 2 8  //C26
4 6 8  //C27
3 0 1  //C28
9 9 4  //C29
0 8 8  //C30
3 3 2  //C31
5 3 2  //C32
7 9 8  //C33
1 4 7  //C34
0 1 4  //C35
7 4 0  //C36
6 8 4  //C37
7 2 5  //C38
8 9 7  //C39
8 1 7  //C40
6 7 4  //C41
5 8 9  //C42
3 7 6  //C43
9 9 3  //C44
9 3 1  //C45
1 2 9  //C46
6 1 5  //C47
3 3 0  //C48
3 5 1  //C49
7 7 4  //C50
4 8 8  //C51
1 4 7  //C52
2 5 2  //C53
4 3 6  //C54
4 6 8  //C55
1 7 9  //C56
3 6 7  //C57
8 1 9  //C58
1 2 3  //C59
4 1 3  //C60
8 5 0  //C61
1 4 0  //C62
5 7 8  //C63
3 8 6  //C64
7 1 8  //C65
8 9 6  //C66
1 1 8  //C67
1 4 0  //C68
7 6 6  //C69
8 9 1  //C70
4 7 3  //C71
9 6 7  //C72
5 2 2  //C73
7 6 9  //C74
1 9 7  //C75
0 1 9  //C76
1 3 3  //C77
6 3 0  //C78
4 7 1  //C79
0 4 8  //C80
4 7 7  //C81
6 9 1  //C82
3 7 5  //C83
0 2 6  //C84
4 3 4  //C85
8 0 4  //C86
2 6 5  //C87
6 6 6  //C88
8 7 4  //C89
3 4 8  //C90
6 5 7  //C91
3 3 9  //C92
1 4 0  //C93
6 7 3  //C94
4 1 0  //C95
6 2 9  //C96
5 6 6  //C97
7 8 7  //C98
3 7 0  //C99
1 8 1  //C100
6 9 3  //C101
6 4 7  //C102
9 0 9  //C103
5 6 6  //C104
3 5 9  //C105
2 2 4  //C106
5 1 5  //C107
4 7 7  //C108
1 8 6  //C109
0 0 6  //C110
8 0 5  //C111
9 0 7  //C112
9 7 7  //C113
3 7 1  //C114
0 0 0  //C115
0 4 2  //C116
7 1 4  //C117
6 5 6  //C118
6 1 2  //C119
6 4 5  //C120
1 9 0  //C121
3 6 5  //C122
0 4 5  //C123
2 2 5  //C124
6 2 4  //C125
3 4 7  //C126
6 1 4  //C127
3 2 9  //C128
1 2 4  //C129
8 3 8  //C130
4 3 2  //C131
1 1 8  //C132
1 6 3  //C133
5 0 9  //C134
7 4 8  //C135
9 9 2  //C136
2 2 6  //C137
4 9 3  //C138
1 7 6  //C139
0 1 4  //C140
0 1 0  //C141
7 8 9  //C142
2 5 0  //C143
5 1 7  //C144
4 1 1  //C145
4 6 7  //C146
0 1 2  //C147
1 5 0  //C148
1 0 3  //C149
8 0 4  //C150
1 0 5  //C151
9 4 8  //C152
9 9 6  //C153
9 7 4  //C154
2 7 1  //C155
9 0 8  //C156
2 6 0  //C157
9 9 9  //C158
1 9 5  //C159
0 6 7  //C160
5 3 4  //C161
5 3 1  //C162
2 4 6  //C163
2 5 7  //C164
0 1 4  //C165
8 9 8  //C166
9 2 0  //C167
4 6 4  //C168
4 2 1  //C169
5 8 5  //C170
2 8 3  //C171
9 3 3  //C172
9 6 3  //C173
0 6 5  //C174
1 0 0  //C175
3 8 8  //C176
5 2 9  //C177
7 1 3  //C178
7 0 7  //C179
0 1 1  //C180
9 6 6  //C181
1 9 7  //C182
3 1 7  //C183
1 8 3  //C184
4 9 5  //C185
4 3 6  //C186
3 1 3  //C187
2 0 6  //C188
5 5 6  //C189
9 2 3  //C190
5 9 4  //C191
2 0 9  //C192
9 0 0  //C193
3 9 7  //C194
0 3 3  //C195
6 2 2  //C196
7 2 7  //C197
1 6 0  //C198
7 7 6  //C199
