1 // server
4 // machine
50 // customer

 //p, q, a
6 3 0 //M0
2 3 0 //M1
1 6 0 //M2
1 4 0 //M3

 M0  M1  M2  M3 
7 3 0 6  //C0
1 0 4 2  //C1
8 0 9 8  //C2
4 2 9 2  //C3
2 4 4 6  //C4
9 8 8 8  //C5
1 6 2 2  //C6
5 6 4 2  //C7
3 9 8 7  //C8
4 4 7 7  //C9
5 3 2 9  //C10
2 9 6 3  //C11
2 8 8 6  //C12
1 3 3 9  //C13
5 2 5 4  //C14
7 1 6 2  //C15
6 6 4 4  //C16
4 2 8 8  //C17
7 6 1 5  //C18
5 9 5 2  //C19
0 8 0 6  //C20
7 8 1 9  //C21
5 9 2 1  //C22
9 2 0 3  //C23
6 0 2 6  //C24
4 1 9 9  //C25
0 0 8 5  //C26
2 8 4 5  //C27
7 2 4 8  //C28
1 0 5 7  //C29
5 5 8 4  //C30
0 6 9 4  //C31
6 7 8 4  //C32
6 9 7 8  //C33
9 0 5 6  //C34
9 6 6 7  //C35
4 6 4 6  //C36
7 1 1 6  //C37
5 5 0 9  //C38
2 4 8 4  //C39
1 4 8 5  //C40
9 9 8 7  //C41
5 5 9 1  //C42
5 8 8 9  //C43
8 0 0 4  //C44
1 2 6 4  //C45
6 2 9 1  //C46
8 8 5 4  //C47
1 0 5 5  //C48
7 1 8 4  //C49
