1 // server
4 // machine
200 // customer

 //p, q, a
5 7 0 //M0
5 6 0 //M1
8 5 0 //M2
4 2 0 //M3

 M0  M1  M2  M3 
0 9 8 5  //C0
4 7 3 4  //C1
5 0 1 5  //C2
2 7 5 9  //C3
1 8 7 6  //C4
8 1 1 3  //C5
7 7 0 5  //C6
0 8 7 3  //C7
5 9 7 3  //C8
1 6 2 2  //C9
9 8 3 5  //C10
6 4 2 6  //C11
0 5 4 9  //C12
6 6 2 9  //C13
8 4 7 7  //C14
6 8 4 6  //C15
2 7 9 2  //C16
0 2 7 4  //C17
6 4 7 0  //C18
7 5 6 3  //C19
4 3 5 4  //C20
4 7 6 9  //C21
7 7 4 6  //C22
8 5 6 1  //C23
4 7 3 8  //C24
5 9 6 7  //C25
8 9 3 1  //C26
9 2 1 3  //C27
8 4 2 2  //C28
2 9 1 4  //C29
0 0 5 2  //C30
8 0 5 1  //C31
8 6 5 0  //C32
1 7 7 5  //C33
7 7 6 4  //C34
4 5 9 5  //C35
5 0 8 4  //C36
2 3 8 4  //C37
5 8 7 4  //C38
4 4 9 7  //C39
4 2 2 3  //C40
6 1 1 0  //C41
6 7 5 5  //C42
2 6 0 5  //C43
0 0 6 8  //C44
2 1 8 5  //C45
8 1 4 3  //C46
9 3 0 2  //C47
8 9 0 1  //C48
2 6 9 4  //C49
8 8 7 5  //C50
7 2 1 8  //C51
8 2 3 3  //C52
7 1 5 2  //C53
4 7 4 4  //C54
6 8 0 3  //C55
6 2 7 3  //C56
6 8 3 4  //C57
1 2 9 4  //C58
4 2 7 5  //C59
9 5 4 7  //C60
9 6 5 7  //C61
4 8 7 4  //C62
1 4 7 0  //C63
7 4 9 5  //C64
5 8 2 9  //C65
9 9 2 5  //C66
1 1 8 1  //C67
0 9 5 0  //C68
3 3 3 9  //C69
7 9 9 7  //C70
1 8 2 7  //C71
4 9 6 0  //C72
3 2 9 0  //C73
3 5 8 9  //C74
4 0 5 3  //C75
0 5 4 2  //C76
8 7 6 4  //C77
0 0 8 5  //C78
9 5 8 0  //C79
7 5 1 2  //C80
4 7 8 8  //C81
9 4 7 8  //C82
4 3 4 7  //C83
4 6 7 5  //C84
3 9 8 7  //C85
2 2 9 2  //C86
4 4 1 7  //C87
6 7 2 8  //C88
8 3 8 2  //C89
7 6 2 3  //C90
9 8 9 6  //C91
5 0 1 3  //C92
7 2 6 7  //C93
6 3 0 2  //C94
7 5 4 5  //C95
3 9 1 6  //C96
1 6 8 1  //C97
7 4 8 7  //C98
6 5 7 4  //C99
2 3 7 3  //C100
2 8 9 4  //C101
0 4 2 4  //C102
3 6 4 1  //C103
2 7 0 9  //C104
6 3 5 9  //C105
2 0 5 3  //C106
4 9 0 1  //C107
6 5 0 4  //C108
8 0 3 4  //C109
0 7 5 6  //C110
3 3 7 0  //C111
0 6 5 9  //C112
4 8 8 8  //C113
7 8 0 1  //C114
2 6 9 1  //C115
3 0 8 7  //C116
6 9 3 1  //C117
4 5 9 9  //C118
7 9 5 9  //C119
2 5 3 8  //C120
3 1 6 8  //C121
7 1 7 9  //C122
0 1 2 3  //C123
7 4 2 3  //C124
4 0 4 0  //C125
2 4 5 8  //C126
8 9 1 8  //C127
2 1 9 7  //C128
3 1 7 2  //C129
3 0 0 5  //C130
2 3 0 3  //C131
3 6 1 3  //C132
6 2 4 2  //C133
0 3 5 9  //C134
5 8 9 8  //C135
9 9 7 8  //C136
2 5 0 5  //C137
6 0 9 4  //C138
0 9 7 8  //C139
3 2 5 2  //C140
7 7 1 0  //C141
7 6 6 0  //C142
6 8 6 5  //C143
1 1 5 3  //C144
6 2 0 8  //C145
5 5 6 6  //C146
3 0 1 1  //C147
5 6 5 3  //C148
3 6 0 2  //C149
7 6 1 5  //C150
8 9 9 8  //C151
3 3 2 8  //C152
4 4 2 1  //C153
1 6 6 2  //C154
0 5 6 7  //C155
4 4 5 0  //C156
2 2 2 4  //C157
1 3 6 0  //C158
0 5 0 5  //C159
5 8 2 0  //C160
7 3 7 0  //C161
4 4 2 6  //C162
9 8 1 1  //C163
9 4 0 3  //C164
4 9 6 0  //C165
0 8 7 1  //C166
8 1 0 6  //C167
6 1 6 2  //C168
2 6 9 1  //C169
7 4 5 7  //C170
0 5 4 3  //C171
1 4 0 6  //C172
4 6 0 6  //C173
2 2 9 8  //C174
5 6 1 2  //C175
3 6 0 8  //C176
1 9 8 2  //C177
4 8 6 0  //C178
3 8 9 4  //C179
4 4 9 4  //C180
1 4 1 0  //C181
0 0 9 0  //C182
7 1 5 0  //C183
2 3 4 4  //C184
5 5 1 2  //C185
5 7 1 6  //C186
9 0 2 4  //C187
2 4 4 1  //C188
7 7 1 8  //C189
4 0 8 0  //C190
9 8 5 3  //C191
2 5 7 0  //C192
3 5 9 8  //C193
2 6 8 3  //C194
3 5 0 9  //C195
7 5 8 2  //C196
6 3 3 5  //C197
2 5 0 4  //C198
6 0 2 7  //C199
