1 // server
5 // machine
200 // customer

 //p, q, a
4 2 0 //M0
2 7 0 //M1
1 9 0 //M2
1 2 0 //M3
9 9 0 //M4

 M0  M1  M2  M3  M4 
1 5 2 0 5  //C0
2 4 0 2 3  //C1
5 9 4 3 7  //C2
6 6 7 4 5  //C3
9 8 6 1 3  //C4
9 7 2 5 6  //C5
1 6 4 5 7  //C6
6 6 0 0 2  //C7
5 0 1 4 2  //C8
4 6 8 9 4  //C9
2 2 5 4 0  //C10
3 8 0 6 5  //C11
4 1 4 6 2  //C12
9 5 8 5 0  //C13
9 6 7 1 0  //C14
8 6 2 9 9  //C15
3 8 3 1 3  //C16
8 0 9 5 4  //C17
8 5 4 5 7  //C18
3 5 5 1 2  //C19
9 7 3 9 4  //C20
6 5 4 3 1  //C21
7 5 1 6 1  //C22
5 8 3 2 4  //C23
9 5 3 1 2  //C24
3 1 1 3 7  //C25
3 0 1 6 9  //C26
6 5 4 6 7  //C27
2 5 6 3 7  //C28
2 4 7 3 2  //C29
4 1 2 7 3  //C30
4 3 2 6 0  //C31
4 3 0 5 8  //C32
6 4 5 7 5  //C33
9 4 6 5 1  //C34
3 8 0 3 9  //C35
9 3 8 1 3  //C36
1 7 3 2 4  //C37
2 3 7 6 2  //C38
9 4 0 4 0  //C39
8 8 0 7 2  //C40
9 5 7 5 9  //C41
6 3 8 7 0  //C42
1 5 9 2 7  //C43
9 0 2 2 3  //C44
6 7 9 3 2  //C45
8 7 5 3 0  //C46
0 3 0 9 3  //C47
5 0 8 2 8  //C48
9 5 0 5 0  //C49
3 5 8 7 1  //C50
8 6 7 4 5  //C51
2 5 3 3 1  //C52
8 7 5 6 0  //C53
7 5 0 8 1  //C54
9 2 9 4 3  //C55
1 7 4 2 8  //C56
2 9 8 1 2  //C57
4 5 5 3 1  //C58
0 6 4 1 9  //C59
2 9 3 5 3  //C60
8 5 9 5 2  //C61
5 6 3 1 4  //C62
5 1 0 5 8  //C63
9 8 3 3 5  //C64
2 9 6 7 1  //C65
2 8 8 4 1  //C66
1 3 8 9 9  //C67
7 9 3 9 6  //C68
7 1 4 8 5  //C69
9 5 8 3 0  //C70
3 5 0 9 0  //C71
9 8 1 4 9  //C72
7 8 9 9 3  //C73
2 2 1 5 0  //C74
9 4 4 6 8  //C75
0 5 8 1 1  //C76
7 9 4 3 7  //C77
5 2 8 8 0  //C78
8 8 8 9 9  //C79
8 2 4 5 3  //C80
6 4 3 2 1  //C81
8 1 3 1 0  //C82
3 0 9 2 2  //C83
8 3 5 1 7  //C84
9 3 2 5 2  //C85
1 6 4 7 9  //C86
8 0 2 8 5  //C87
2 6 2 2 8  //C88
3 9 7 8 6  //C89
8 8 6 7 0  //C90
5 6 3 8 3  //C91
2 1 7 0 9  //C92
2 7 6 1 2  //C93
3 8 1 6 9  //C94
2 1 3 2 3  //C95
0 6 3 8 3  //C96
3 9 7 6 4  //C97
1 7 4 4 3  //C98
1 8 2 2 6  //C99
6 2 5 6 3  //C100
0 6 9 7 7  //C101
3 3 0 4 3  //C102
5 8 8 6 6  //C103
3 9 9 7 0  //C104
6 3 6 3 8  //C105
4 8 0 6 6  //C106
7 1 6 5 3  //C107
6 0 9 8 0  //C108
7 6 0 0 7  //C109
3 9 6 5 2  //C110
7 2 8 5 7  //C111
6 0 5 9 3  //C112
5 3 3 7 5  //C113
4 1 3 2 0  //C114
3 9 0 6 3  //C115
9 3 5 6 5  //C116
4 2 4 3 9  //C117
4 3 0 8 7  //C118
5 4 0 5 5  //C119
4 2 2 5 2  //C120
1 6 3 5 9  //C121
7 2 1 2 7  //C122
3 4 8 3 9  //C123
2 8 0 7 0  //C124
1 0 5 5 4  //C125
8 8 5 1 9  //C126
6 0 0 4 3  //C127
8 9 9 4 2  //C128
2 2 8 0 4  //C129
1 5 7 5 3  //C130
5 2 4 4 0  //C131
0 0 7 0 0  //C132
8 6 9 2 1  //C133
2 4 4 0 0  //C134
2 8 6 4 8  //C135
9 2 4 1 3  //C136
3 1 9 8 3  //C137
3 5 5 4 2  //C138
7 1 9 3 4  //C139
5 2 5 8 1  //C140
7 1 7 5 0  //C141
6 6 0 6 0  //C142
8 6 6 6 7  //C143
6 7 1 8 7  //C144
6 8 0 7 3  //C145
1 9 2 0 2  //C146
7 7 5 9 6  //C147
1 4 4 8 7  //C148
6 5 9 3 4  //C149
1 5 2 5 8  //C150
8 1 6 1 5  //C151
9 1 9 1 8  //C152
7 3 9 3 3  //C153
1 0 6 0 5  //C154
1 3 2 1 0  //C155
0 8 6 2 1  //C156
6 7 7 2 4  //C157
5 0 4 4 6  //C158
0 4 2 9 0  //C159
3 6 6 9 3  //C160
1 8 1 9 6  //C161
4 8 4 0 4  //C162
1 4 6 0 2  //C163
0 6 7 8 7  //C164
0 5 2 4 4  //C165
7 0 3 1 7  //C166
4 1 7 9 0  //C167
8 5 7 6 9  //C168
7 5 4 9 5  //C169
6 7 2 7 0  //C170
6 8 7 1 2  //C171
5 6 7 4 9  //C172
4 5 3 2 0  //C173
9 6 7 9 4  //C174
4 8 1 9 0  //C175
4 1 2 8 8  //C176
9 8 5 0 1  //C177
5 4 5 6 5  //C178
1 7 2 6 5  //C179
1 2 1 9 6  //C180
9 0 3 3 5  //C181
7 7 7 1 8  //C182
4 3 9 6 9  //C183
5 9 2 1 4  //C184
4 1 0 3 2  //C185
6 5 4 3 8  //C186
2 0 3 1 8  //C187
8 5 2 5 3  //C188
7 6 3 8 1  //C189
8 8 6 6 0  //C190
1 9 9 4 1  //C191
8 0 9 1 8  //C192
1 3 4 2 5  //C193
3 9 7 8 1  //C194
9 7 7 8 7  //C195
8 7 1 2 3  //C196
8 9 7 3 6  //C197
3 0 9 9 0  //C198
7 6 0 6 1  //C199
