1 // server
4 // machine
30 // customer

 //p, q, a
1 3 0 //M0
4 9 0 //M1
1 7 0 //M2
6 9 0 //M3

 M0  M1  M2  M3 
4 9 5 2  //C0
0 6 2 9  //C1
9 9 7 3  //C2
3 0 6 4  //C3
5 0 8 1  //C4
7 3 5 4  //C5
3 6 1 2  //C6
2 4 3 2  //C7
5 8 5 3  //C8
3 0 0 1  //C9
6 1 7 4  //C10
7 2 9 9  //C11
5 9 3 0  //C12
7 4 1 1  //C13
4 0 8 4  //C14
4 0 7 5  //C15
6 5 7 5  //C16
5 3 0 5  //C17
0 7 4 5  //C18
5 1 6 0  //C19
6 2 7 2  //C20
0 2 5 1  //C21
6 4 8 3  //C22
1 6 7 6  //C23
4 2 7 2  //C24
4 4 3 2  //C25
9 7 0 0  //C26
9 6 5 3  //C27
3 8 7 1  //C28
2 4 4 4  //C29
