1 // server
4 // machine
100 // customer

 //p, q, a
3 3 0 //M0
8 5 0 //M1
3 7 0 //M2
1 7 0 //M3

 M0  M1  M2  M3 
9 1 9 6  //C0
5 7 5 9  //C1
7 7 4 3  //C2
9 7 5 5  //C3
0 3 4 4  //C4
4 0 2 2  //C5
8 4 1 5  //C6
3 5 9 4  //C7
4 9 8 1  //C8
7 4 8 7  //C9
2 1 0 1  //C10
4 5 8 5  //C11
5 2 4 9  //C12
1 6 2 8  //C13
9 6 7 1  //C14
5 0 6 1  //C15
7 0 9 9  //C16
9 4 8 5  //C17
5 6 1 3  //C18
0 0 7 3  //C19
5 5 9 1  //C20
0 0 2 8  //C21
7 0 1 0  //C22
7 6 1 2  //C23
4 8 4 4  //C24
5 9 6 1  //C25
3 9 4 5  //C26
4 8 7 8  //C27
9 4 6 0  //C28
0 5 0 7  //C29
7 0 2 8  //C30
2 8 8 8  //C31
4 9 8 1  //C32
6 3 7 5  //C33
9 8 7 1  //C34
5 7 4 8  //C35
2 3 1 2  //C36
0 1 1 9  //C37
8 7 6 5  //C38
7 7 8 4  //C39
1 6 0 5  //C40
0 6 1 5  //C41
6 0 0 2  //C42
7 9 1 0  //C43
6 3 6 9  //C44
7 5 7 2  //C45
7 8 3 9  //C46
6 2 8 2  //C47
9 3 0 8  //C48
6 8 8 5  //C49
1 5 6 0  //C50
1 9 2 9  //C51
5 6 8 4  //C52
0 9 7 5  //C53
9 7 8 1  //C54
3 2 8 4  //C55
1 7 3 4  //C56
8 3 3 8  //C57
4 1 7 1  //C58
8 6 1 7  //C59
5 4 4 0  //C60
3 4 2 0  //C61
5 4 9 9  //C62
9 7 1 9  //C63
6 2 9 3  //C64
6 8 0 1  //C65
2 0 9 8  //C66
1 5 6 2  //C67
5 0 5 9  //C68
7 8 0 7  //C69
5 2 8 3  //C70
4 4 8 6  //C71
9 8 5 6  //C72
7 8 1 7  //C73
3 2 7 3  //C74
4 3 9 0  //C75
7 6 3 9  //C76
1 2 1 8  //C77
1 1 7 3  //C78
0 6 7 8  //C79
2 2 8 2  //C80
0 0 5 7  //C81
9 7 6 5  //C82
0 7 2 2  //C83
3 8 6 7  //C84
0 9 5 7  //C85
6 6 5 5  //C86
0 7 7 6  //C87
4 9 0 1  //C88
4 6 9 7  //C89
1 5 9 3  //C90
6 6 7 4  //C91
9 5 0 2  //C92
0 0 7 3  //C93
7 1 5 3  //C94
5 9 7 1  //C95
0 9 0 1  //C96
6 1 7 6  //C97
8 8 6 4  //C98
9 1 1 0  //C99
