1 // server
5 // machine
30 // customer

 //p, q, a
3 4 0 //M0
4 9 0 //M1
9 3 0 //M2
8 3 0 //M3
6 6 0 //M4

 M0  M1  M2  M3  M4 
5 7 2 4 2  //C0
1 9 5 7 4  //C1
7 9 9 5 9  //C2
7 4 3 3 1  //C3
2 2 7 0 3  //C4
1 5 9 6 5  //C5
5 9 4 3 8  //C6
7 7 2 0 5  //C7
0 7 5 4 7  //C8
2 3 7 9 1  //C9
7 4 8 4 3  //C10
2 9 2 0 0  //C11
6 0 9 2 8  //C12
8 5 6 6 1  //C13
0 1 3 8 1  //C14
5 7 3 2 0  //C15
8 7 9 5 8  //C16
0 1 9 0 6  //C17
7 5 1 9 9  //C18
9 7 3 5 9  //C19
7 7 0 7 1  //C20
5 1 0 2 7  //C21
4 6 9 0 2  //C22
8 1 3 4 8  //C23
7 5 6 0 4  //C24
4 0 3 8 2  //C25
7 4 7 3 3  //C26
0 6 2 3 2  //C27
8 0 6 2 1  //C28
1 5 1 7 0  //C29
