1 // s
4 // m
5 // n

// p, q, a
2 1 0 // M1
3 5 0 // M2
3 2 0 // M3
5 2 0 // M4

// M1 M2 M3 M4 M5
2 1 3 2 // J1
9 2 2 5 // J2
2 4 1 4 // J3
3 0 7 0 // J4
4 3 4 2 // J5

(1;1.1) (3;1.1) (5;2.1) (7;2.1) (9;2.1) (11;2.1) (13;2.1) (15;2.1) (17;2.1) (19;2.1) (21;2.1) (23;3.1) (25;3.1) (28;4.1) (30;4.1) (32;4.1) (35;5.1) (37;5.1) (40;5.1) (42;5.1)
(6;1.1+2.2+3.2) (12;3.2+5.3)
(4;1.2) (10;1.1+2.1) (16;2.1+3.1) (22;4.2) (26;4.2) (29;4.2) (34;4.1+5.1) (38;5.2) (41;5.1)
(2;1.2) (8;2.2) (14;2.2) (20;2.1+3.1) (27;3.2) (33;3.1+5.1) (39;5.1)
