1 // s
5 // m
100 // n

// p, q, a
7 5 0 // M1
8 7 0 // M2
5 3 0 // M3
3 4 0 // M4
4 5 0 // M5

// M1 M2 M3 M4 M5 M6
7 6 0 8 9 // J1
7 5 6 4 0 // J2
3 3 8 5 2 // J3
2 4 8 5 6 // J4
9 0 4 0 4 // J5
9 4 8 8 3 // J6
5 4 2 0 5 // J7
2 0 6 5 9 // J8
2 5 7 4 0 // J9
4 6 2 4 2 // J10
7 3 8 7 4 // J11
6 2 0 4 0 // J12
3 6 8 0 5 // J13
8 1 7 0 9 // J14
2 8 3 6 3 // J15
3 2 0 0 9 // J16
2 2 4 5 6 // J17
1 6 4 6 8 // J18
0 0 1 5 6 // J19
6 7 7 8 1 // J20
3 8 1 5 0 // J21
8 0 2 4 0 // J22
4 1 0 4 7 // J23
0 2 2 3 4 // J24
2 6 1 2 8 // J25
1 7 7 0 7 // J26
6 5 1 8 6 // J27
3 0 8 5 7 // J28
0 4 0 6 4 // J29
8 9 6 7 5 // J30
3 5 3 3 9 // J31
6 7 9 6 8 // J32
1 3 1 6 4 // J33
8 9 1 8 3 // J34
0 3 6 5 4 // J35
7 6 4 7 9 // J36
2 0 0 4 3 // J37
1 1 8 9 0 // J38
6 1 2 7 6 // J39
7 2 3 2 5 // J40
8 8 8 3 5 // J41
0 8 7 9 1 // J42
0 2 1 6 5 // J43
1 2 7 2 3 // J44
6 1 2 7 7 // J45
8 1 9 9 6 // J46
5 2 2 2 1 // J47
4 1 6 9 3 // J48
2 4 8 7 0 // J49
3 9 5 1 5 // J50
4 5 0 8 8 // J51
7 5 0 5 6 // J52
9 8 7 2 6 // J53
8 9 9 5 1 // J54
9 6 7 9 0 // J55
2 3 4 7 4 // J56
9 5 7 4 2 // J57
9 1 4 3 3 // J58
8 0 0 3 4 // J59
3 6 6 1 1 // J60
3 0 0 9 6 // J61
7 8 1 8 6 // J62
4 0 3 1 7 // J63
3 1 3 9 6 // J64
7 5 5 1 2 // J65
8 6 4 5 6 // J66
5 7 3 5 0 // J67
8 5 8 8 4 // J68
1 9 5 7 9 // J69
8 7 8 6 0 // J70
2 3 6 4 4 // J71
8 5 8 6 7 // J72
1 3 6 1 0 // J73
7 6 7 1 8 // J74
8 3 5 4 4 // J75
7 9 7 1 4 // J76
0 7 8 4 4 // J77
2 0 9 1 1 // J78
3 7 1 0 3 // J79
7 3 4 6 2 // J80
1 0 7 7 2 // J81
9 7 1 9 7 // J82
8 7 6 2 6 // J83
4 5 2 7 8 // J84
6 7 6 9 5 // J85
0 1 4 1 7 // J86
3 5 0 8 2 // J87
0 9 0 1 4 // J88
4 9 9 3 3 // J89
5 0 9 3 8 // J90
1 1 6 8 6 // J91
4 3 7 2 2 // J92
7 3 9 2 3 // J93
2 7 7 9 6 // J94
4 5 0 2 3 // J95
6 7 2 5 0 // J96
0 2 0 2 5 // J97
2 8 1 2 8 // J98
6 1 8 9 6 // J99
1 9 7 9 0 // J100

(2;37.2+23.3) (9;23.1+95.4) (17;60.3+75.2) (24;75.5) (32;75.1+39.4) (39;39.2+30.3) (47;30.5) (54;21.3+47.2) (62;47.3+32.2) (69;32.4+5.1) (77;5.5) (84;5.3+64.2) (92;64.1+33.1+28.3) (99;27.5) (107;27.1+48.4) (114;79.3+89.2) (122;89.2+40.3) (129;40.4+16.1) (137;16.2+74.3) (144;74.4+1.1) (152;1.5) (159;1.1+58.4) (167;58.5) (174;15.2+3.3) (182;92.4+73.1) (189;57.5) (197;57.4+31.1) (204;31.2+41.3) (212;41.5) (219;83.5) (227;83.3+8.2) (234;81.1+65.4) (242;65.3+18.1+85.1) (249;85.5) (257;55.5) (264;55.4+12.1) (272;12.5) (279;9.2+66.3) (287;66.5) (294;80.5) (302;80.2+62.3) (309;62.4+26.1) (317;67.5) (324;71.2+61.3) (332;70.5) (339;70.3+78.2) (347;100.1+52.4) (354;52.3+38.1+99.1) (362;99.5) (369;53.5) (377;53.4+4.1) (384;4.1+56.2+10.2) (392;10.2+51.3) (399;51.1+69.1+34.3) (407;34.5) (414;14.5) (422;14.3+2.2) (429;2.5) (437;84.4+96.1) (444;96.5) (452;46.5) (459;46.3+82.2) (467;82.5) (474;82.2+25.2+20.1) (482;20.5) (489;93.5) (497;93.2+76.3) (504;76.4+17.1) (512;17.1+44.1+54.3) (519;54.5) (527;72.5) (534;72.3+63.2) (542;63.2+6.3) (549;6.5) (557;6.1+49.2+22.2) (564;22.5) (572;22.1+45.4) (579;45.2+36.3) (587;36.4+98.1) (594;98.1+68.4) (602;68.4+87.1) (609;87.2+7.3) (617;7.2+59.3) (624;59.5) (632;50.3+90.2) (639;90.3+94.2) (647;91.1+11.4) (654;11.3+13.2) (662;13.1)
(3;34.7) (12;34.2+35.3+15.2) (20;15.6+48.1) (28;51.5+60.2) (37;60.4+72.3) (45;72.2+11.3+55.2) (53;55.4+13.3) (63;13.3+36.4) (72;36.2+66.5) (80;66.1+46.1+87.5) (88;100.7) (97;100.2+38.1+70.4) (105;70.3+24.2+6.2) (113;6.2+83.5) (123;83.2+41.5) (132;41.3+40.2+31.2) (140;31.3+25.4) (148;25.2+97.2+74.3) (157;74.3+68.4) (165;68.1+56.3+23.1+84.2) (173;84.3+88.4) (183;88.5+27.2) (192;27.3+18.4) (200;18.2+85.5) (208;85.2+9.5) (217;17.2+92.3+43.2) (225;93.3+76.4) (233;76.5+26.2) (243;26.5+49.2) (252;49.2+54.5) (260;54.4+47.2+89.1) (268;89.7) (277;89.1+2.5+96.1) (285;96.6+99.1) (293;1.6+71.1) (303;71.2+57.5) (312;21.7) (320;21.1+53.6) (328;53.2+33.3+69.2) (337;69.7) (345;73.3+77.4) (353;77.3+42.4) (363;42.4+58.1+52.2) (372;52.3+95.4) (380;95.1+4.4+62.2) (388;62.6+14.1) (397;65.5+30.2) (405;30.7) (413;64.1+44.2+29.4) (423;20.7) (432;7.4+98.3) (440;98.5+16.2) (448;3.3+50.4) (457;50.5+79.2) (465;79.5+10.2) (473;10.4+67.3) (483;67.4+75.3) (492;45.1+86.1+32.5) (500;32.2+82.5) (508;82.2+91.1+80.3+94.1) (517;94.6+39.1) (525;12.2)
(1;71.3) (6;71.3) (11;68.3) (16;68.3) (21;68.2+27.1) (26;28.3) (31;28.3) (36;28.2+84.1) (41;84.1+33.1+30.1) (46;30.3) (51;30.2+86.1) (56;86.3) (61;34.1+7.2) (66;41.3) (71;41.3) (76;41.2+100.1) (81;100.3) (86;100.3) (91;2.3) (96;2.3) (101;56.3) (106;56.1+72.2) (111;72.3) (116;72.3) (121;64.3) (126;70.3) (131;70.3) (136;70.2+13.1) (141;13.3) (146;13.3) (151;13.1+21.1+83.1) (156;83.3) (161;83.2+80.1) (166;80.3) (171;91.3) (176;91.3) (181;74.3) (186;74.3) (191;74.1+44.2) (196;44.3) (201;44.2+18.1) (206;18.3) (211;36.3) (216;36.1+6.2) (221;6.3) (226;6.3) (231;76.3) (236;76.3) (241;76.1+48.2) (246;48.3) (251;48.1+38.2) (256;38.3) (261;38.3) (266;43.1+10.2) (271;4.3) (276;4.3) (281;4.2+77.1) (286;77.3) (291;77.3) (296;77.1+8.2) (301;8.3) (306;8.1+78.2) (311;78.3) (316;78.3) (321;78.1+98.1+49.1) (326;49.3) (331;49.3) (336;49.1+93.2) (341;93.3) (346;93.3) (351;93.1+99.2) (356;99.3) (361;99.3) (366;62.1+5.2) (371;5.2+53.1) (376;53.3) (381;53.3) (386;26.3) (391;26.3) (396;26.1+47.2) (401;92.3) (406;92.3) (411;92.1+25.1+50.1) (416;50.3) (421;50.1+31.2) (426;31.1+66.2) (431;66.2+20.1) (436;20.3) (441;20.3) (446;9.3) (451;9.3) (456;9.1+60.2) (461;60.3) (466;60.1+32.2) (471;32.3) (476;32.3) (481;32.1+85.2) (486;85.3) (491;85.1+55.2) (496;55.3) (501;55.2+46.1) (506;46.3) (511;46.3) (516;46.2+22.1) (521;22.1+14.2) (526;14.3) (531;14.2+81.1) (536;81.3) (541;81.3) (546;65.3) (551;65.2+89.1) (556;89.3) (561;89.3) (566;89.2+19.1) (571;42.3) (576;42.3) (581;42.1+67.2) (586;67.1+3.2) (591;3.3) (596;3.3) (601;35.3) (606;35.3) (611;90.3) (616;90.3) (621;90.3) (626;94.3) (631;94.3) (636;94.1+15.2) (641;15.1+57.2) (646;57.3) (651;57.2+96.1) (656;96.1+82.1+45.1) (661;45.1+54.2) (666;54.3) (671;54.3) (676;54.1+58.2) (681;58.2+69.1) (686;69.3) (691;69.1+11.2) (696;11.3) (701;11.3) (706;73.3) (711;73.3) (716;63.3) (721;75.3) (726;75.2+24.1) (731;24.1+17.2) (736;17.2+79.1) (741;39.2+40.1) (746;40.2)
(4;56.4) (7;56.3+68.1) (10;68.4) (13;68.3+43.1) (18;43.4) (22;43.1+46.3) (25;46.4) (29;46.2+98.2) (33;100.4) (38;100.4) (42;100.1+65.1+78.1+53.1) (48;53.1+96.3) (52;96.2+28.2) (55;28.3+97.1) (58;97.1+88.1+55.2) (64;55.4) (67;55.3+95.1) (70;95.1+90.3) (74;24.3+2.1) (79;2.3+32.1) (82;32.4) (85;32.1+54.3) (89;54.2+19.2) (94;19.3+25.1) (98;25.1+27.3) (102;27.4) (108;27.1+66.3) (112;66.2+6.2) (115;6.4) (118;6.2+57.2) (125;57.2+34.2) (130;34.4) (133;34.2+92.2) (138;12.4) (142;82.4) (145;82.4) (149;82.1+74.1+91.2) (153;91.4) (158;91.2+33.2) (162;33.4) (168;3.4) (172;3.1+84.3) (175;84.4) (178;49.4) (184;49.3+44.1) (187;44.1+69.3) (193;69.4) (198;20.4) (202;20.4) (205;30.4) (209;30.3+50.1) (213;76.1+75.3) (218;75.1+10.3) (222;10.1+40.2+85.1) (228;85.4) (232;85.4) (235;48.4) (238;48.4) (244;48.1+80.3) (247;80.3+9.1) (250;9.3+58.1) (254;58.2+17.2) (259;17.3+71.1) (263;71.3+72.1) (267;72.4) (270;72.1+42.3) (274;42.4) (280;42.2+64.2) (283;64.4) (288;64.3+15.1) (292;15.4) (297;15.1+70.3) (300;70.3+31.1) (304;31.2+39.2) (307;39.4) (313;39.1+81.3) (318;81.4) (322;23.4) (325;4.4) (329;4.1+45.3) (333;45.4) (338;18.4) (342;18.2+93.2) (348;36.4) (352;36.3+37.1) (355;37.3+63.1) (358;86.1+77.3) (364;77.1+89.3) (367;29.4) (370;29.2+87.2) (374;87.4) (379;87.2+47.2) (382;22.4) (385;59.3+52.1) (389;52.4) (394;83.2+8.2) (398;8.3+99.1) (402;99.4) (408;99.4) (412;21.4) (415;21.1+67.3) (418;67.2+35.2) (425;35.3+11.1) (430;11.4) (433;11.2+41.2) (438;41.1+61.3) (442;61.4) (445;61.2+1.2) (449;1.4) (453;1.2+62.2) (458;62.4) (462;62.2+73.1+60.1) (468;38.4) (472;38.4) (475;38.1+94.3) (478;94.4) (484;94.2+51.2) (487;51.4) (493;51.2)
(5;72.5) (14;72.2+65.2+5.1) (19;5.3+64.2) (23;64.4+50.1) (27;50.4+74.1) (34;74.5) (40;74.2+77.3) (44;77.1+54.1+28.3) (49;28.4+35.1) (57;35.3+48.2) (65;48.1+44.3+82.1) (73;82.5) (78;82.1+62.4) (83;62.2+63.3) (87;63.4+85.1) (93;85.4+56.1) (100;56.3+40.2) (104;40.3+58.2) (109;58.1+47.1+46.3) (117;46.3+90.2) (124;90.5) (128;90.1+60.1+3.2+66.1) (134;66.5) (139;39.5) (143;39.1+83.4) (147;83.2+7.3) (154;7.2+18.3) (160;18.5) (164;89.3+34.2) (169;34.1+30.4) (177;30.1+84.4) (185;84.4+6.1) (190;6.2+26.3) (194;26.4+81.1) (199;81.1+68.4) (203;76.4+94.1) (207;94.5) (214;36.5) (220;36.4+32.1) (224;32.5) (229;32.2+27.3) (237;27.3+59.2) (245;59.2+45.3) (253;45.4+1.1) (258;1.5) (262;1.3+20.1+41.1) (269;41.4+52.1) (273;52.5) (278;19.5) (282;19.1+86.4) (289;86.3+98.2) (295;98.5) (299;98.1+95.3+37.1) (305;37.2+31.3) (310;31.5) (314;31.1+29.4) (319;24.4+92.1) (323;92.1+14.4) (327;14.5) (334;43.5) (340;51.5) (344;51.3+88.2) (349;88.2+61.3) (357;61.3+33.2) (365;33.2+91.3) (373;91.3+53.2) (378;53.4+11.1) (383;11.3+97.2) (387;97.3+25.2) (393;25.5) (400;25.1+80.2+99.2) (404;99.4+42.1) (409;17.5) (417;17.1+71.4) (424;93.3+16.2) (428;16.5) (434;16.2+10.2+79.1) (439;79.2+78.1+75.2) (443;75.2+8.3) (447;8.5) (454;8.1+4.4) (460;4.2+57.2+15.1) (464;15.2+87.2+69.1) (469;69.5) (477;69.3+23.2) (485;23.5) (490;13.5)
