1 // s
5 // m
200 // n

// p, q, a
4 3 0 // M1
2 4 0 // M2
7 8 0 // M3
1 8 0 // M4
5 2 0 // M5

// M1 M2 M3 M4 M5 M6
3 1 1 7 3 // J1
0 8 6 8 0 // J2
2 6 0 5 2 // J3
3 0 7 7 3 // J4
3 7 1 6 2 // J5
5 6 8 5 4 // J6
7 0 1 3 3 // J7
1 8 2 6 9 // J8
8 0 2 5 9 // J9
8 2 5 0 3 // J10
8 3 0 1 7 // J11
6 0 5 4 7 // J12
3 0 0 3 3 // J13
1 4 6 2 1 // J14
4 8 1 7 4 // J15
2 4 5 7 4 // J16
3 1 8 1 6 // J17
3 0 0 5 6 // J18
0 3 7 8 5 // J19
8 9 9 1 7 // J20
3 5 2 8 8 // J21
9 2 2 7 4 // J22
1 4 8 9 4 // J23
2 1 8 6 9 // J24
1 4 1 6 1 // J25
1 0 2 2 6 // J26
2 5 3 9 1 // J27
8 8 9 2 6 // J28
1 7 2 1 4 // J29
5 5 8 4 2 // J30
6 1 2 2 5 // J31
9 4 6 7 7 // J32
9 9 0 1 1 // J33
6 1 8 8 5 // J34
4 1 5 9 8 // J35
4 1 9 1 5 // J36
6 2 8 9 9 // J37
1 3 1 4 1 // J38
4 1 2 5 7 // J39
2 6 1 9 8 // J40
4 6 9 8 8 // J41
4 5 2 3 1 // J42
8 4 5 2 1 // J43
7 0 1 1 0 // J44
3 9 4 6 1 // J45
3 9 0 2 5 // J46
7 9 0 2 1 // J47
9 2 0 1 4 // J48
6 0 7 2 3 // J49
9 6 0 3 0 // J50
2 4 0 9 5 // J51
4 2 2 6 4 // J52
5 5 0 8 3 // J53
8 3 2 1 2 // J54
4 0 0 7 3 // J55
2 2 1 3 2 // J56
7 9 6 1 3 // J57
3 9 1 7 6 // J58
6 9 3 6 8 // J59
0 0 9 9 4 // J60
5 3 9 1 6 // J61
1 4 2 5 3 // J62
2 1 9 4 7 // J63
6 8 8 4 0 // J64
9 2 5 4 5 // J65
4 6 4 8 2 // J66
2 2 1 8 6 // J67
3 9 4 5 1 // J68
8 6 5 3 4 // J69
5 0 8 8 2 // J70
2 2 5 9 5 // J71
2 7 4 6 1 // J72
5 0 4 2 0 // J73
9 9 0 8 4 // J74
6 3 2 2 1 // J75
3 7 1 0 9 // J76
4 7 6 6 0 // J77
9 7 2 3 3 // J78
6 5 8 4 6 // J79
8 2 2 2 4 // J80
6 9 0 4 5 // J81
8 0 2 7 2 // J82
5 5 4 6 6 // J83
7 4 7 2 1 // J84
2 6 7 4 8 // J85
1 5 7 5 3 // J86
0 4 8 6 3 // J87
4 7 1 1 2 // J88
9 4 5 1 7 // J89
0 0 2 7 9 // J90
3 4 0 1 1 // J91
0 2 5 5 3 // J92
3 2 6 3 1 // J93
0 6 7 3 2 // J94
0 2 6 0 1 // J95
7 1 5 7 7 // J96
0 2 9 6 9 // J97
6 4 7 4 3 // J98
1 1 5 7 8 // J99
7 7 1 0 7 // J100
3 3 8 5 8 // J101
1 8 0 0 4 // J102
8 7 8 8 2 // J103
0 2 0 4 4 // J104
6 9 2 0 1 // J105
8 6 8 1 4 // J106
9 0 5 9 4 // J107
7 3 4 7 7 // J108
8 3 6 0 4 // J109
4 2 7 5 8 // J110
4 7 6 5 0 // J111
3 0 8 3 0 // J112
5 9 9 6 4 // J113
8 2 8 3 4 // J114
6 7 2 6 6 // J115
2 3 2 5 7 // J116
5 8 3 2 9 // J117
2 3 9 9 0 // J118
7 5 0 7 2 // J119
8 4 0 6 6 // J120
1 4 4 0 1 // J121
6 4 0 9 7 // J122
0 7 2 6 4 // J123
7 5 6 6 2 // J124
5 2 9 2 7 // J125
1 7 5 3 7 // J126
8 2 6 9 5 // J127
1 4 3 1 3 // J128
7 2 0 1 0 // J129
9 2 3 3 5 // J130
2 8 4 3 0 // J131
8 4 1 2 9 // J132
9 8 6 1 9 // J133
8 1 3 1 2 // J134
2 2 4 3 4 // J135
2 2 7 2 7 // J136
9 3 2 8 5 // J137
9 8 2 8 6 // J138
6 2 0 1 3 // J139
8 6 9 2 2 // J140
8 8 2 1 2 // J141
0 3 0 9 8 // J142
6 7 9 4 0 // J143
6 6 7 5 9 // J144
9 8 4 4 5 // J145
0 1 3 9 5 // J146
6 3 5 9 9 // J147
0 0 0 6 4 // J148
6 7 3 0 0 // J149
9 3 5 1 7 // J150
1 8 3 2 2 // J151
9 4 7 5 2 // J152
8 0 1 3 2 // J153
2 2 9 5 9 // J154
5 6 1 1 3 // J155
2 5 4 4 5 // J156
7 5 2 2 3 // J157
7 0 2 7 9 // J158
6 3 5 4 6 // J159
6 6 0 7 7 // J160
7 3 0 1 2 // J161
5 6 2 9 9 // J162
4 9 2 0 4 // J163
2 8 8 9 5 // J164
2 0 2 5 2 // J165
1 1 7 4 7 // J166
6 5 7 7 8 // J167
4 5 0 9 8 // J168
0 8 2 7 5 // J169
6 0 4 9 3 // J170
7 7 0 2 4 // J171
7 0 4 9 0 // J172
4 9 7 2 3 // J173
9 2 4 1 0 // J174
7 7 9 1 4 // J175
4 7 4 0 6 // J176
1 6 7 1 9 // J177
9 4 5 3 1 // J178
3 0 1 9 3 // J179
1 0 0 4 5 // J180
4 5 3 9 6 // J181
9 8 9 7 9 // J182
9 5 4 2 9 // J183
8 1 6 2 3 // J184
5 7 1 0 6 // J185
6 6 9 8 2 // J186
3 6 0 4 1 // J187
5 2 8 4 9 // J188
1 5 7 3 1 // J189
7 6 8 0 4 // J190
0 4 7 0 0 // J191
6 4 3 2 0 // J192
3 8 1 5 5 // J193
3 5 9 1 4 // J194
6 2 1 3 2 // J195
9 0 8 8 9 // J196
9 8 9 3 2 // J197
9 8 0 4 4 // J198
0 9 6 4 6 // J199
3 4 2 7 8 // J200

(2;67.2+16.1) (7;16.1+37.2) (12;37.3) (17;37.1+153.2) (22;153.3) (27;153.3) (32;63.2+68.1) (37;68.2+160.1) (42;160.3) (47;160.2+38.1) (52;113.3) (57;113.2+31.1) (62;31.3) (67;31.2+145.1) (72;145.3) (77;145.3) (82;145.2+20.1) (87;20.3) (92;20.3) (97;20.1+73.2) (102;73.3) (107;75.3) (112;75.3) (117;57.3) (122;57.3) (127;57.1+109.2) (132;109.3) (137;109.3) (142;28.3) (147;28.3) (152;28.2+70.1) (157;70.3) (162;70.1+127.2) (167;127.3) (172;127.3) (177;102.1+194.2) (182;194.1+143.2) (187;143.3) (192;143.1+158.2) (197;158.3) (202;158.2+24.1) (207;24.1+65.2) (212;65.3) (217;65.3) (222;65.1+78.2) (227;78.3) (232;78.3) (237;78.1+66.2) (242;66.2+106.1) (247;106.3) (252;106.3) (257;106.1+35.2) (262;35.2+59.1) (267;59.3) (272;59.2+69.1) (277;69.3) (282;69.3) (287;69.1+21.2) (292;21.1+23.1+140.1) (297;140.3) (302;140.3) (307;140.1+50.2) (312;50.3) (317;50.3) (322;50.1+129.2) (327;129.3) (332;129.2+98.1) (337;98.3) (342;98.2+89.1) (347;89.3) (352;89.3) (357;89.2+36.1) (362;36.3) (367;167.3) (372;167.3) (377;58.3) (382;197.3) (387;197.3) (392;197.3) (397;80.3) (402;80.3) (407;80.2+171.1) (412;171.3) (417;171.3) (422;119.3) (427;119.3) (432;119.1+139.2) (437;139.3) (442;139.1+48.2) (447;48.3) (452;48.3) (457;48.1+29.1+187.1) (462;187.2+17.1) (467;17.2+62.1) (472;168.3) (477;168.1+10.2) (482;10.3) (487;10.3) (492;156.2+135.1) (497;135.1+72.2) (502;155.3) (507;155.2+147.1) (512;147.3) (517;147.2+170.1) (522;170.3) (527;170.2+163.1) (532;163.3) (537;61.3) (542;61.2+115.1) (547;115.3) (552;115.2+99.1) (557;112.3) (562;8.1+120.2) (567;120.3) (572;120.3) (577;11.3) (582;11.3) (587;11.2+5.1) (592;5.2+55.1) (597;55.3) (602;105.3) (607;105.3) (612;182.3) (617;182.3) (622;182.3) (627;130.3) (632;130.3) (637;130.3) (642;77.3) (647;77.1+162.2) (652;162.3) (657;117.3) (662;117.2+185.1) (667;185.3) (672;185.1+124.2) (677;124.3) (682;124.2+136.1) (687;136.1+137.2) (692;137.3) (697;137.3) (702;137.1+118.2) (707;177.1+88.2) (712;88.2+200.1) (717;200.2+82.1) (722;82.3) (727;82.3) (732;82.1+173.2) (737;173.2+93.1) (742;93.2+32.1) (747;32.3) (752;32.3) (757;32.2+81.1) (762;81.3) (767;81.2+4.1) (772;4.2+64.1) (777;64.3) (782;64.2+151.1) (787;44.3) (792;44.3) (797;44.1+39.2) (802;39.2+141.1) (807;141.3) (812;141.3) (817;141.1+74.2) (822;74.3) (827;74.3) (832;74.1+25.1+45.1) (837;45.2+49.1) (842;49.3) (847;49.2+183.1) (852;183.3) (857;183.3) (862;183.2+56.1) (867;56.1+150.2) (872;150.3) (877;150.3) (882;150.1+166.1+176.1) (887;176.3) (892;34.3) (897;34.3) (902;110.3) (907;110.1+152.2) (912;152.3) (917;152.3) (922;152.1+134.2) (927;134.3) (932;134.3) (937;14.1+18.2) (942;18.1+84.2) (947;84.3) (952;84.2+122.1) (957;122.3) (962;122.2+193.1) (967;193.2+52.1) (972;52.3) (977;138.3) (982;138.3) (987;138.3) (992;15.3) (997;15.1+26.1+9.1) (1002;9.3) (1007;9.3) (1012;9.1+121.1+178.1) (1017;178.3) (1022;178.3) (1027;178.2+54.1) (1032;54.3) (1037;54.3) (1042;54.1+85.2) (1047;133.3) (1052;133.3) (1057;133.3) (1062;12.3) (1067;12.3) (1072;103.3) (1077;103.3) (1082;103.2+165.1) (1087;165.1+43.2) (1092;43.3) (1097;43.3) (1102;179.3) (1107;111.3) (1112;111.1+184.2) (1117;184.3) (1122;184.3) (1127;33.3) (1132;33.3) (1137;33.3) (1142;7.3) (1147;7.3) (1152;7.1+101.2) (1157;101.1+114.2) (1162;114.3) (1167;114.3) (1172;181.3) (1177;181.1+6.2) (1182;6.3) (1187;154.2+157.1) (1192;157.3) (1197;157.3) (1202;13.3) (1207;108.3) (1212;108.3) (1217;108.1+107.2) (1222;107.3) (1227;107.3) (1232;107.1+125.2) (1237;125.3) (1242;149.3) (1247;149.3) (1252;22.3) (1257;22.3) (1262;22.3) (1267;172.3) (1272;172.3) (1277;172.1+100.2) (1282;100.3) (1287;100.2+91.1) (1292;91.2+161.1) (1297;161.3) (1302;161.3) (1307;196.3) (1312;196.3) (1317;196.3) (1322;174.3) (1327;174.3) (1332;174.3) (1337;164.2+159.1) (1342;159.3) (1347;159.2+40.1) (1352;40.1+188.2) (1357;188.3) (1362;83.3) (1367;83.2+79.1) (1372;79.3) (1377;79.2+42.1) (1382;42.3) (1387;126.1+27.2) (1392;51.2+132.1) (1397;132.3) (1402;132.3) (1407;132.1+189.1+190.1) (1412;190.3) (1417;190.3) (1422;1.3) (1427;180.1+86.1+175.1) (1432;175.3) (1437;175.3) (1442;131.2+96.1) (1447;96.3) (1452;96.3) (1457;53.3) (1462;53.2+195.1) (1467;195.3) (1472;195.2+71.1) (1477;71.1+41.2) (1482;41.2+144.1) (1487;144.3) (1492;144.2+76.1) (1497;76.2+186.1) (1502;186.3) (1507;186.2+3.1) (1512;3.1+116.2) (1517;198.3) (1522;198.3) (1527;198.3) (1532;30.3) (1537;30.2+128.1) (1542;192.3) (1547;192.3) (1552;47.3) (1557;47.3) (1562;47.1+46.2) (1567;46.1)
(4;106.4) (8;106.2+193.2) (13;193.4) (15;193.2+79.2) (19;79.3+30.1) (23;30.4) (28;46.4) (30;46.4) (34;46.1+81.3) (38;81.4) (43;81.2+156.2) (45;156.3+190.1) (49;190.4) (53;190.1+109.3) (58;144.4) (60;144.2+51.2) (64;51.2+124.2) (68;124.3+173.1) (73;173.4) (75;173.4) (79;3.4) (83;3.2+150.2) (88;150.1+111.3) (90;111.4) (94;123.4) (98;123.3+138.1) (103;138.4) (105;138.3+34.1) (109;176.4) (113;176.3+122.1) (118;122.3+95.1) (120;95.1+130.2+103.1) (124;103.4) (128;103.2+32.2) (133;32.2+198.2) (135;198.4) (139;198.2+118.2) (143;118.1+102.3) (148;102.4) (150;102.1+48.2+169.1) (154;169.4) (158;169.3+40.1) (163;40.4) (165;40.1+92.2+114.1) (169;114.1+113.3) (173;113.4) (178;113.2+168.2) (180;168.3+78.1) (184;78.4) (188;78.2+98.2) (193;98.2+137.2) (195;137.1+126.3) (199;126.4) (203;14.4) (208;76.4) (210;76.3+184.1) (214;188.2+178.2) (218;178.2+8.2) (223;8.4) (225;8.2+58.2) (229;58.4) (233;58.3+93.1) (238;93.1+52.2+87.1) (240;87.3+175.1) (244;175.4) (248;175.2+127.2) (253;88.4) (255;88.3+115.1) (259;115.4) (263;115.2+56.2) (268;152.4) (270;21.4) (274;21.1+24.1+85.2) (278;85.4) (283;28.4) (285;28.4) (289;96.1+177.3) (293;177.3+199.1) (298;199.4) (300;199.4) (304;25.4) (308;84.4) (313;91.4) (315;154.2+121.2) (319;121.2+94.2) (323;94.4) (328;86.4) (330;86.1+89.3) (334;89.1+67.2+108.1) (338;108.2+69.2) (343;69.4) (345;37.2+57.2) (349;57.4) (353;57.3+160.1) (358;160.4) (360;160.1+36.1+157.2) (364;157.3+186.1) (368;186.4) (373;186.1+136.2+187.1) (375;187.4) (379;187.1+141.3) (383;141.4) (388;141.1+59.3) (390;59.4) (394;59.2+19.2) (398;19.1+17.1+54.2) (403;54.1+105.3) (405;105.4) (409;105.2+74.2) (413;74.4) (418;74.3+149.1) (420;149.4) (424;149.2+80.2) (428;128.4) (433;145.4) (435;145.4) (439;68.4) (443;68.4) (448;68.1+163.3) (450;163.4) (454;163.2+191.2) (458;191.2+197.2) (463;197.4) (465;197.2+31.1+189.1) (469;189.4) (473;161.3+63.1) (478;16.4) (480;2.4) (484;2.4) (488;33.4) (493;33.4) (495;33.1+10.2+50.1) (499;50.4) (503;50.1+45.3) (508;45.4) (510;45.2+104.2) (514;195.2+185.2) (518;185.4) (523;185.1+66.3) (525;66.3+77.1) (529;77.4) (533;77.2+194.2) (538;194.3+71.1) (540;71.1+65.2+151.1) (544;151.4) (548;151.3+27.1) (553;27.4) (555;100.4) (559;100.3+11.1) (563;11.2+171.2) (568;171.4) (570;171.1+142.3) (574;192.4) (578;117.4) (583;117.4) (585;39.1+155.3) (589;155.3+41.1) (593;41.4) (598;41.1+147.3) (600;15.4) (604;15.4) (608;110.2+101.2) (613;101.1+42.3) (615;42.2+133.2) (619;133.4) (623;133.2+20.2) (628;20.4) (630;20.3+6.1) (634;6.4) (638;6.1+64.3) (643;64.4) (645;64.1+116.3) (649;183.4) (653;183.1+162.3) (658;162.3+182.1) (660;182.4) (664;182.3+75.1) (668;75.2+159.2) (673;159.1+131.3) (675;131.4) (679;131.1+181.3) (683;181.2+53.2) (688;53.3+43.1) (690;43.3+29.1) (694;29.4) (698;29.2+200.2) (703;200.2+134.1+132.1) (705;132.3+143.1) (709;143.4) (713;143.2+174.2) (718;61.3+146.1) (720;129.2+97.2) (724;5.4) (728;5.3+140.1) (730;140.4) (734;140.1+120.3) (738;120.1+35.1+83.2) (740;83.3+99.1) (744;47.4) (748;47.4) (750;47.1+125.2+119.1) (753;119.4) (755;166.1+22.2+139.1) (758;139.1+72.3) (760;72.4) (764;164.4) (768;164.4) (770;38.3+23.1) (773;23.3+135.1) (775;135.1+62.3) (778;62.1+167.3) (780;167.2+1.1)
(3;73.4+154.4) (10;154.5+80.2+10.1) (18;10.4+159.4) (25;159.1+121.4+60.3) (33;60.6+15.1+29.1) (40;29.1+86.7) (48;105.2+167.6) (55;167.1+24.7) (63;24.1+191.7) (70;49.7+175.1) (78;175.8) (85;173.7+59.1) (93;59.2+1.1+22.2+145.3) (100;145.1+186.7) (108;186.2+200.2+4.4) (115;4.3+64.5) (123;64.3+114.5) (130;114.3+144.5) (138;144.2+127.6) (145;128.3+158.2+100.1+83.2) (153;83.2+140.6) (160;140.3+5.1+115.2+133.2) (168;133.4+124.4) (175;124.2+87.6) (183;87.2+146.3+21.2+164.1) (190;164.7+42.1) (198;42.1+40.1+69.5+61.1) (205;61.8) (213;54.2+32.6) (220;66.4+150.4) (228;150.1+116.2+65.5) (235;39.2+77.6) (243;174.4+157.2+99.2) (250;99.3+141.2+111.3) (258;111.3+177.5) (265;177.2+43.5+182.1) (273;182.8) (280;79.8) (288;16.5+85.3) (295;85.4+57.4) (303;57.2+95.6) (310;188.8) (318;96.5+163.2+184.1) (325;184.5+135.3) (333;135.1+44.1+118.6) (340;118.3+179.1+31.2+123.2) (348;78.2+110.6) (355;110.1+132.1+113.6) (363;113.3+109.5) (370;109.1+176.4+70.3) (378;70.5+27.3) (385;197.8) (393;197.1+181.3+90.2+56.1+147.1) (400;147.4+26.2+38.1+14.1) (408;14.5+101.3) (415;101.5+12.3) (423;12.2+68.4+71.2) (430;71.3+84.5) (438;84.2+136.6) (445;136.1+153.1+36.6) (453;36.3+20.5) (460;20.4+106.4) (468;106.4+108.4) (475;82.2+155.1+76.1+30.4) (483;30.4+19.4) (490;19.3+97.5) (498;97.4+149.3+45.1) (505;45.3+93.5) (513;93.1+75.2+17.5) (520;17.3+37.5) (528;37.3+192.3+103.2) (535;103.6+94.2) (543;94.5+62.2+2.1) (550;2.5+185.1+152.2) (558;152.5+189.3) (565;189.4+190.4) (573;190.4+166.4) (580;166.3+67.1+72.4) (588;193.1+63.7) (595;63.2+125.6) (603;125.3+41.5) (610;41.4+107.4) (618;107.1+183.4+98.3) (625;98.4+28.4) (633;28.5+162.2+58.1) (640;169.2+170.4+6.2) (648;6.6+137.2) (655;156.4+134.3+25.1) (663;143.8) (670;143.1+8.2+88.1+131.4) (678;92.5+7.1+112.2) (685;112.6+35.2) (693;35.3+89.5) (700;195.1+178.5+126.2) (708;126.3+23.5) (715;23.3+194.5) (723;194.4+199.4) (733;199.2+117.3+52.2+151.1) (743;151.2+138.2+172.4) (754;196.8) (763;9.2+34.6) (774;34.2+165.2+130.3)
(5;184.2+17.1+97.5) (9;97.1+198.4+153.3) (14;124.6+108.2) (20;108.5+168.3) (24;168.6+21.2) (29;21.6+154.2) (35;154.3+89.1+160.4) (39;160.3+53.5) (44;53.3+165.5) (50;79.4+77.4) (54;77.2+16.6) (59;16.1+112.3+43.2+166.2) (65;166.2+41.6) (69;41.2+57.1+75.2+33.1+114.2) (74;114.1+137.7) (80;137.1+170.7) (84;170.2+11.1+116.5) (89;13.3+49.2+44.1+46.2) (95;3.5+115.3) (99;115.3+180.4+4.1) (104;4.6+162.2) (110;162.7+22.1) (114;22.6+1.2) (119;1.5+195.3) (125;138.8) (129;122.8) (134;122.1+183.2+132.2+42.3) (140;72.6+188.2) (144;188.2+156.4+62.2) (149;62.3+23.5) (155;23.4+34.4) (159;34.4+192.2+150.1+130.1) (164;130.2+64.4+123.2) (170;123.4+178.3+37.1) (174;37.8) (179;113.6+131.2) (185;131.1+2.7) (189;2.1+99.7) (194;169.7+155.1) (200;55.7+145.1) (204;145.3+18.5) (209;187.4+83.4) (215;83.2+94.3+32.3) (219;32.4+20.1+157.2+144.1) (224;144.4+14.2+51.2) (230;51.7+35.1) (234;35.8) (239;91.1+80.2+71.5) (245;71.4+52.4) (249;52.2+38.4+40.2) (254;40.7+189.1) (260;189.2+141.1+61.1+182.4) (264;182.3+186.5) (269;186.3+82.5) (275;82.2+142.6) (279;142.3+181.5) (284;181.4+175.1+151.2+59.1) (290;59.5+45.3) (294;45.3+54.1+101.4) (299;101.1+171.2+5.5) (305;5.1+152.5+148.2) (309;148.4+25.4) (314;25.2+93.3+19.3) (320;19.5+120.3) (324;120.3+164.5) (329;164.4+78.3+58.1) (335;58.6+86.2) (339;86.3+194.1+84.2+30.2) (344;30.2+50.3+103.3) (350;103.5+69.3) (354;161.1+173.2+9.5) (359;200.7+90.1) (365;90.6+127.2) (369;127.7+68.1) (374;68.4+39.4) (380;39.1+193.5+177.1+74.1) (384;74.7+139.1) (389;126.3+67.5) (395;67.3+196.5) (399;196.3+66.5) (404;66.3+36.1+96.4) (410;96.3+85.4+197.1) (414;197.2+73.2+140.2+118.2) (419;118.7+119.1) (425;119.6+12.2) (429;12.2+107.6) (434;107.3+110.5) (440;26.2+172.6) (444;172.3+134.1+135.3+87.1) (449;87.5+174.1+92.2) (455;92.3+136.2+117.2+15.1) (459;15.6+8.2) (464;8.4+81.4) (470;125.2+27.6) (474;27.3+65.4+98.1) (479;98.3+143.4+7.1) (485;7.2+158.6) (489;158.1+24.6+56.1) (494;56.2+63.4+179.2) (500;179.7+133.1) (504;147.8) (509;147.1+159.4+48.1+70.2) (515;70.6+104.2) (519;104.2+6.5+199.1) (524;199.3+128.1+47.2+106.1+29.1) (530;146.8) (534;146.1+111.5+31.2) (539;60.8) (545;60.1+28.2+88.1+167.4) (549;167.3+129.1)
(1;90.2) (6;90.2) (11;90.2) (16;90.2) (21;90.1+144.1) (26;144.2) (31;144.2) (36;144.2) (41;144.2) (46;16.2) (51;16.2) (56;193.2) (61;193.2) (66;193.1+157.1) (71;157.2) (76;155.2) (81;155.1+5.1) (86;5.1+156.1) (91;156.2) (96;156.2) (101;82.2) (106;138.2) (111;138.2) (116;138.2) (121;70.2) (126;140.2) (131;25.1+60.1) (136;60.2) (141;60.1+14.1) (146;175.2) (151;175.2) (156;74.2) (161;74.2) (166;85.2) (171;85.2) (176;85.2) (181;85.2) (186;132.2) (191;132.2) (196;132.2) (201;132.2) (206;132.1+30.1) (211;30.1+152.1) (216;152.1+35.1) (221;35.2) (226;35.2) (231;35.2) (236;35.1+102.1) (241;102.2) (246;102.1+125.1) (251;125.2) (256;125.2) (261;125.2) (266;189.1+13.1) (271;13.2) (276;94.2) (281;100.2) (286;100.2) (291;100.2) (296;100.1+22.1) (301;22.2) (306;22.1+19.1) (311;19.2) (316;19.2) (321;37.2) (326;37.2) (331;37.2) (336;37.2) (341;37.1+39.1) (346;39.2) (351;39.2) (356;39.2) (361;185.2) (366;185.2) (371;185.2) (376;58.2) (381;58.2) (386;58.2) (391;8.2) (396;8.2) (401;8.2) (406;8.2) (411;8.1+76.1) (416;76.2) (421;76.2) (426;76.2) (431;76.2) (436;18.2) (441;18.2) (446;18.2) (451;15.2) (456;15.2) (461;66.2) (466;123.2) (471;123.2) (476;6.2) (481;6.2) (486;194.2) (491;194.2) (496;184.2) (501;184.1+41.1) (506;41.2) (511;41.2) (516;41.2) (521;41.1+182.1) (526;182.2) (531;182.2) (536;182.2) (541;182.2) (546;105.1+32.1) (551;32.2) (556;32.2) (561;32.2) (566;160.2) (571;160.2) (576;160.2) (581;160.1+9.1) (586;9.2) (591;9.2) (596;9.2) (601;9.2) (606;145.2) (611;145.2) (616;145.1+1.1) (621;1.2) (626;7.2) (631;7.1+176.1) (636;176.2) (641;176.2) (646;176.1+48.1) (651;48.2) (656;48.1+161.1) (661;161.1+127.1) (666;127.2) (671;127.2) (676;158.2) (681;158.2) (686;158.2) (691;158.2) (696;158.1+103.1) (701;103.1+72.1) (706;26.2) (711;26.2) (716;26.2) (721;128.2) (726;128.1+136.1) (731;136.2) (736;136.2) (741;136.2) (746;151.2) (751;159.2) (756;159.2) (761;159.2) (766;173.2) (771;173.1+99.1) (776;99.2) (781;99.2) (786;99.2) (791;99.1+148.1) (796;148.2) (801;148.1+42.1) (806;134.2) (811;195.2) (816;109.2) (821;109.2) (826;33.1+137.1) (831;137.2) (836;137.2) (841;69.2) (846;69.2) (851;126.2) (856;126.2) (861;126.2) (866;126.1+63.1) (871;63.2) (876;63.2) (881;63.2) (886;81.2) (891;81.2) (896;81.1+79.1) (901;79.2) (906;79.2) (911;79.1+168.1) (916;168.2) (921;168.2) (926;168.2) (931;168.1+91.1) (936;190.2) (941;190.2) (946;47.1+179.1) (951;179.2) (956;43.1+165.1) (961;165.1+97.1) (966;97.2) (971;97.2) (976;97.2) (981;97.2) (986;51.2) (991;51.2) (996;51.1+181.1) (1001;181.2) (1006;181.2) (1011;181.1+162.1) (1016;162.2) (1021;162.2) (1026;162.2) (1031;162.2) (1036;115.2) (1041;115.2) (1046;115.2) (1051;46.2) (1056;46.2) (1061;46.1+36.1) (1066;36.2) (1071;36.2) (1076;116.2) (1081;116.2) (1086;116.2) (1091;116.1+24.1) (1096;24.2) (1101;24.2) (1106;24.2) (1111;24.2) (1116;62.2) (1121;62.1+84.1) (1126;93.1+56.1) (1131;56.1+3.1) (1136;3.1+146.1) (1141;146.2) (1146;146.2) (1151;21.2) (1156;21.2) (1161;21.2) (1166;21.2) (1171;65.2) (1176;65.2) (1181;65.1+98.1) (1186;98.2) (1191;54.2) (1196;196.2) (1201;196.2) (1206;196.2) (1211;196.2) (1216;196.1+122.1) (1221;122.2) (1226;122.2) (1231;122.2) (1236;101.2) (1241;101.2) (1246;101.2) (1251;101.2) (1256;31.2) (1261;31.2) (1266;31.1+49.1) (1271;49.2) (1276;197.2) (1281;120.2) (1286;120.2) (1291;120.2) (1296;104.2) (1301;104.2) (1306;130.2) (1311;130.2) (1316;130.1+167.1) (1321;167.2) (1326;167.2) (1331;167.2) (1336;167.1+187.1) (1341;10.2) (1346;10.1+113.1) (1351;113.2) (1356;113.1+88.1) (1361;88.1+53.1) (1366;53.2) (1371;4.2) (1376;4.1+71.1) (1381;71.2) (1386;71.2) (1391;163.2) (1396;163.2) (1401;40.2) (1406;40.2) (1411;40.2) (1416;40.2) (1421;28.2) (1426;28.2) (1431;28.2) (1436;75.1+135.1) (1441;135.2) (1446;135.1+12.1) (1451;12.2) (1456;12.2) (1461;12.2) (1466;178.1+45.1) (1471;96.2) (1476;96.2) (1481;96.2) (1486;96.1+141.1) (1491;141.1+68.1) (1496;199.2) (1501;199.2) (1506;199.2) (1511;86.2) (1516;86.1+89.1) (1521;89.2) (1526;89.2) (1531;89.2) (1536;171.2) (1541;171.2) (1546;27.1+177.1) (1551;177.2) (1556;177.2) (1561;177.2) (1566;177.2) (1571;183.2) (1576;183.2) (1581;183.2) (1586;183.2) (1591;183.1+198.1) (1596;198.2) (1601;198.1+188.1) (1606;188.2) (1611;188.2) (1616;188.2) (1621;188.2) (1626;52.2) (1631;52.2) (1636;61.2) (1641;61.2) (1646;61.2) (1651;150.2) (1656;150.2) (1661;150.2) (1666;150.1+17.1) (1671;17.2) (1676;17.2) (1681;17.1+23.1) (1686;23.2) (1691;23.1+147.1) (1696;147.2) (1701;147.2) (1706;147.2) (1711;147.2) (1716;170.2) (1721;170.1+107.1) (1726;107.2) (1731;107.1+78.1) (1736;78.2) (1741;34.2) (1746;34.2) (1751;34.1+142.1) (1756;142.2) (1761;142.2) (1766;142.2) (1771;142.1+153.1) (1776;153.1+154.1) (1781;154.2) (1786;154.2) (1791;154.2) (1796;154.2) (1801;92.2) (1806;92.1+57.1) (1811;57.2) (1816;117.2) (1821;117.2) (1826;117.2) (1831;117.2) (1836;117.1+38.1) (1841;166.2) (1846;166.2) (1851;166.2) (1856;166.1+180.1) (1861;180.2) (1866;180.2) (1871;139.2) (1876;139.1+67.1) (1881;67.2) (1886;67.2) (1891;67.1+121.1) (1896;133.2) (1901;133.2) (1906;133.2) (1911;133.2) (1916;133.1+124.1) (1921;124.1+114.1) (1926;114.2) (1931;114.1+164.1) (1936;164.2) (1941;164.2) (1946;29.2) (1951;29.2) (1956;87.2) (1961;87.1+106.1) (1966;106.2) (1971;106.1+108.1) (1976;108.2) (1981;108.2) (1986;108.2) (1991;119.2) (1996;80.2) (2001;80.2) (2006;200.2) (2011;200.2) (2016;200.2) (2021;200.2) (2026;95.1+55.1) (2031;55.2) (2036;59.2) (2041;59.2) (2046;59.2) (2051;59.2) (2056;83.2) (2061;83.2) (2066;83.2) (2071;186.2) (2076;169.2) (2081;169.2) (2086;169.1+110.1) (2091;110.2) (2096;110.2) (2101;110.2) (2106;110.1+11.1) (2111;11.2) (2116;11.2) (2121;11.2) (2126;20.2) (2131;20.2) (2136;20.2) (2141;20.1)
