1 // s
5 // m
100 // n

// p, q, a
2 2 0 // M1
1 3 0 // M2
5 6 0 // M3
6 6 0 // M4
6 2 0 // M5

// M1 M2 M3 M4 M5 M6
5 9 0 9 0 // J1
8 2 3 8 9 // J2
5 7 9 8 1 // J3
9 5 2 9 0 // J4
2 5 3 6 5 // J5
8 6 8 3 7 // J6
3 4 0 9 5 // J7
7 8 5 3 1 // J8
8 2 2 7 5 // J9
4 0 1 0 4 // J10
0 3 6 6 8 // J11
0 5 3 4 1 // J12
1 3 0 1 6 // J13
0 6 0 3 4 // J14
0 9 9 8 2 // J15
9 2 5 0 0 // J16
7 4 8 8 7 // J17
0 8 4 1 4 // J18
1 5 1 1 9 // J19
4 2 1 1 4 // J20
7 0 8 6 3 // J21
0 4 7 4 8 // J22
7 0 2 3 4 // J23
6 5 1 3 5 // J24
1 2 9 8 2 // J25
5 8 8 8 7 // J26
7 1 3 6 3 // J27
7 6 2 4 7 // J28
6 1 0 2 7 // J29
1 2 7 7 3 // J30
8 0 8 5 2 // J31
5 1 9 3 8 // J32
1 6 9 6 0 // J33
6 6 6 0 6 // J34
9 3 6 6 9 // J35
0 1 6 1 1 // J36
3 0 0 5 8 // J37
6 2 8 3 7 // J38
6 7 8 6 5 // J39
9 1 3 1 1 // J40
4 5 7 0 3 // J41
5 3 1 5 1 // J42
3 4 8 1 4 // J43
1 5 3 7 4 // J44
3 8 3 3 0 // J45
2 4 9 1 9 // J46
9 8 4 0 6 // J47
7 3 9 1 3 // J48
3 1 2 1 3 // J49
1 8 7 2 4 // J50
4 7 5 7 7 // J51
6 2 4 0 0 // J52
1 3 0 5 2 // J53
5 9 8 5 6 // J54
8 5 2 4 1 // J55
2 6 1 9 8 // J56
4 7 7 7 5 // J57
1 2 6 2 0 // J58
4 8 9 0 1 // J59
9 0 6 8 7 // J60
1 0 1 5 5 // J61
9 5 1 6 5 // J62
0 1 4 2 6 // J63
4 6 3 0 1 // J64
3 2 5 4 1 // J65
9 6 1 3 1 // J66
1 9 2 1 6 // J67
4 5 2 1 6 // J68
5 1 0 6 0 // J69
3 4 6 4 7 // J70
2 7 5 7 4 // J71
8 4 7 3 6 // J72
2 4 8 4 4 // J73
0 8 2 5 2 // J74
9 3 2 4 6 // J75
1 2 9 4 8 // J76
4 9 7 5 8 // J77
3 4 5 7 7 // J78
9 8 8 4 3 // J79
1 3 5 2 9 // J80
4 1 0 1 8 // J81
8 5 1 0 2 // J82
6 5 2 5 1 // J83
3 6 2 5 1 // J84
5 3 5 8 2 // J85
1 5 7 0 5 // J86
8 7 6 4 3 // J87
2 8 6 7 0 // J88
7 2 4 4 1 // J89
4 5 3 3 9 // J90
4 0 9 1 4 // J91
0 6 2 8 7 // J92
3 8 0 5 3 // J93
8 8 8 1 8 // J94
5 0 4 5 3 // J95
3 8 1 6 7 // J96
5 2 4 0 0 // J97
8 7 5 0 2 // J98
6 5 7 0 6 // J99
9 2 9 0 2 // J100

(2;5.2) (4;46.2) (6;1.2) (8;1.2) (10;1.1+42.1) (12;42.2) (14;42.2) (16;3.2) (18;3.2) (20;3.1+97.1) (22;97.2) (24;97.2) (26;48.2) (28;48.2) (30;48.2) (32;48.1+53.1) (34;72.2) (36;72.2) (38;72.2) (40;72.2) (42;90.2) (44;90.2) (46;56.2) (48;43.2) (50;43.1+100.1) (52;100.2) (54;100.2) (56;100.2) (58;100.2) (60;4.2) (62;4.2) (64;4.2) (66;4.2) (68;4.1+70.1) (70;70.2) (72;31.2) (74;31.2) (76;31.2) (78;31.2) (80;29.2) (82;29.2) (84;29.2) (86;78.2) (88;78.1+44.1) (90;6.2) (92;6.2) (94;6.2) (96;6.2) (98;68.2) (100;68.2) (102;67.1+30.1) (104;35.2) (106;35.2) (108;35.2) (110;35.2) (112;35.1+7.1) (114;7.2) (116;27.2) (118;27.2) (120;27.2) (122;27.1+52.1) (124;52.2) (126;52.2) (128;52.1+8.1) (130;8.2) (132;8.2) (134;8.2) (136;13.1+41.1) (138;41.2) (140;41.1+96.1) (142;96.2) (144;47.2) (146;47.2) (148;47.2) (150;47.2) (152;47.1+45.1) (154;45.2) (156;95.2) (158;95.2) (160;95.1+54.1) (162;54.2) (164;54.2) (166;9.2) (168;9.2) (170;9.2) (172;9.2) (174;89.2) (176;89.2) (178;89.2) (180;89.1+17.1) (182;17.2) (184;17.2) (186;17.2) (188;71.2) (190;77.2) (192;77.2) (194;98.2) (196;98.2) (198;98.2) (200;98.2) (202;66.2) (204;66.2) (206;66.2) (208;66.2) (210;66.1+99.1) (212;99.2) (214;99.2) (216;99.1+20.1) (218;20.2) (220;20.1+58.1) (222;51.2) (224;51.2) (226;81.2) (228;81.2) (230;39.2) (232;39.2) (234;39.2) (236;24.2) (238;24.2) (240;24.2) (242;34.2) (244;34.2) (246;34.2) (248;85.2) (250;85.2) (252;85.1+25.1) (254;65.2) (256;65.1+73.1) (258;73.1+59.1) (260;59.2) (262;59.1+19.1) (264;80.1+33.1) (266;82.2) (268;82.2) (270;82.2) (272;82.2) (274;69.2) (276;69.2) (278;69.1+75.1) (280;75.2) (282;75.2) (284;75.2) (286;75.2) (288;55.2) (290;55.2) (292;55.2) (294;55.2) (296;37.2) (298;37.1+83.1) (300;83.2) (302;83.2) (304;83.1+50.1) (306;40.2) (309;40.2) (314;40.2) (318;40.2) (322;40.1+60.1) (327;60.2) (332;60.2) (335;60.2) (341;60.2) (345;21.2) (348;21.2) (354;21.2) (358;21.1+49.1) (363;49.2) (368;2.2) (371;2.2) (376;2.2) (381;2.2) (386;87.2) (389;87.2) (394;87.2) (399;87.2) (402;94.2) (408;94.2) (412;94.2) (416;94.2) (422;32.2) (425;32.2) (430;32.1+10.1) (435;10.2) (438;10.1+61.1) (443;88.2) (448;57.2) (453;57.2) (456;16.2) (461;16.2) (466;16.2) (470;16.2) (476;16.1+38.1) (479;38.2) (483;38.2) (489;38.1+64.1) (492;64.2) (497;64.1+28.1) (502;28.2) (506;28.2) (510;28.2) (515;79.2) (520;79.2) (524;79.2) (528;79.2) (533;79.1+86.1) (537;93.2) (543;93.1+26.1) (546;26.2) (550;26.2) (556;84.2) (560;84.1+91.1) (564;91.2) (569;91.1+76.1) (573;62.2) (578;62.2) (582;62.2) (587;62.2) (591;62.1+23.1) (596;23.2) (600;23.2) (604;23.2)
(249;93.3) (261;93.3) (267;93.2+9.1) (273;9.1+90.2) (279;90.3) (285;17.3) (291;17.1+83.2) (297;83.3) (299;44.3) (303;44.2+82.1) (308;82.3) (310;82.1+39.2) (311;39.3) (315;39.2+64.1) (316;64.3) (320;64.2+65.1) (321;65.1+94.2) (323;94.3) (324;94.3) (328;27.1+24.2) (330;24.3) (333;16.2+43.1) (334;43.3) (336;20.2+85.1) (338;85.2+18.1) (342;18.3) (344;18.3) (346;18.1+34.2) (347;34.3) (350;34.1+77.2) (352;77.3) (356;77.3) (357;77.1+41.2) (359;41.3) (360;13.3) (364;97.2+68.1) (365;68.3) (369;68.1+22.2) (370;22.2+46.1) (372;46.3) (375;36.1+98.2) (377;98.3) (378;98.2+32.1) (382;74.3) (383;74.3) (387;74.2+38.1) (388;38.1+49.1+47.1) (390;47.3) (392;47.3) (395;47.1+70.2) (398;70.2+99.1) (400;99.3) (401;99.1+45.2) (404;45.3) (405;45.3) (410;63.1+42.2) (411;42.1+79.2) (413;79.3) (414;79.3) (417;25.2+62.1) (419;62.3) (423;62.1+4.2) (424;4.3) (426;67.3) (428;67.3) (431;67.3) (432;2.2+52.1) (436;52.1+12.2) (437;12.3) (440;1.3) (442;1.3) (444;1.3) (446;53.3) (449;15.3) (450;15.3) (454;15.3) (455;7.3) (458;7.1+66.2) (459;66.3) (462;66.1+72.2) (465;72.2+89.1) (467;89.1+48.2) (468;48.1+56.2) (471;56.3) (472;56.1+92.2) (477;92.3) (478;92.1+11.2) (480;11.1+96.2) (482;96.3) (484;96.3) (486;35.3) (490;28.3) (491;28.3) (494;30.2+88.1) (495;88.3) (498;88.3) (500;88.1+78.2) (503;78.2+84.1) (504;84.3) (507;84.2+57.1) (509;57.3) (512;57.3) (513;50.3) (516;50.3) (518;50.2+75.1) (521;75.2+29.1) (522;100.2+54.1) (525;54.3) (526;54.3) (530;54.2+19.1) (532;19.3) (534;19.1+6.2) (536;6.3) (538;6.1+69.1+51.1) (539;51.3) (544;51.3) (545;59.3) (548;59.3) (549;59.2+26.1) (551;26.3) (554;26.3) (557;26.1+3.2) (558;3.3) (561;3.2+76.1) (562;76.1+58.2) (566;40.1+87.2) (567;87.3) (570;87.2+14.1) (572;14.3) (574;14.2+73.1) (576;73.3) (579;86.3) (580;86.2+8.1) (584;8.3) (585;8.3) (588;8.1+81.1+5.1) (590;5.3) (592;5.1+33.2) (593;33.3) (597;33.1+55.2) (599;55.3) (602;71.3) (603;71.3) (605;71.1+80.2) (606;80.1)
(5;54.6) (11;54.2+22.4) (17;22.3+58.3) (23;58.3+76.3) (29;76.6) (35;89.4+73.2) (41;73.6) (47;45.3+90.3) (53;85.5+96.1) (59;61.1+21.5) (65;21.3+94.3) (71;94.5+40.1) (77;40.2+5.3+66.1) (83;74.2+44.3+63.1) (89;63.3+12.3) (95;72.6) (101;72.1+24.1+52.4) (107;10.1+2.3+46.2) (113;46.6) (119;46.1+35.5) (125;35.1+95.4+23.1) (131;23.1+43.5) (137;43.3+17.3) (143;17.5+68.1) (149;68.1+26.5) (155;26.3+64.3) (161;56.1+97.4+49.1) (167;49.1+78.5) (173;27.3+79.3) (179;79.5+55.1) (185;55.1+57.5) (191;57.2+60.4) (197;60.2+30.4) (203;30.3+80.3) (209;80.2+28.2+70.2) (215;70.4+100.2) (221;100.6) (227;100.1+92.2+62.1+91.2) (233;91.6) (239;91.1+77.5) (245;77.2+51.4) (251;51.1+33.5) (257;33.4+42.1+19.1) (263;88.6) (269;15.6) (275;15.3+31.3) (281;31.5+65.1) (287;65.4+83.2) (305;47.4+3.2) (317;3.6) (329;3.1+4.2+59.3) (340;59.6) (351;71.5+86.1) (362;86.6) (374;6.6) (384;6.2+48.4) (396;48.5+38.1) (407;38.6) (418;38.1+50.5) (429;50.2+16.4) (441;16.1+36.5) (452;36.1+32.5) (464;32.4+41.2) (474;41.5+8.1) (485;8.4+25.2) (496;25.6) (508;25.1+87.5) (519;87.1+75.2+20.1+99.2) (531;99.5+18.1) (542;18.3+9.2+84.1) (552;84.1+98.5) (563;67.2+34.4) (575;34.2+11.4) (586;11.2+39.4) (598;39.4+82.1)
(3;48.1+49.1+2.4) (9;2.4+8.2) (15;8.1+91.1+51.4) (21;51.3+18.1+19.1+38.1) (27;38.2+56.4) (33;56.5+84.1) (39;84.4+78.2) (45;78.5+54.1) (51;54.4+40.1+70.1) (57;70.3+65.3) (63;65.1+53.5) (69;72.3+55.3) (75;55.1+94.1+37.4) (81;37.1+15.5) (87;15.3+12.3) (93;12.1+96.5) (99;96.1+92.5) (105;92.3+6.3) (111;50.2+1.4) (117;1.5+3.1) (123;3.6) (129;3.1+14.3+4.2) (135;4.6) (141;4.1+21.5) (147;21.1+85.5) (153;85.3+77.3) (159;77.2+45.3+80.1) (165;80.1+62.5) (171;62.1+11.5) (177;11.1+30.5) (183;30.2+44.4) (189;44.3+27.3) (195;27.3+26.3) (201;26.5+29.1) (207;29.1+69.5) (213;69.1+87.4+63.1) (219;63.1+5.5) (225;5.1+58.2+74.3) (231;74.2+24.3+22.1) (237;22.3+68.1+17.2) (243;17.6) (255;42.5+95.1) (293;95.4+7.2) (312;7.6) (326;7.1+73.4+28.1) (339;28.3+71.3) (353;71.4+61.2) (366;61.3+25.3) (380;25.5+9.1) (393;9.6) (406;57.6) (420;57.1+89.4+35.1) (434;35.5+20.1) (447;33.6) (460;43.1+93.5) (473;23.3+79.3) (488;79.1+75.4+90.1) (501;90.2+36.1+67.1+32.2) (514;32.1+31.5) (527;60.6) (540;60.2+66.3+46.1) (555;39.6) (568;88.6) (581;88.1+83.5) (594;13.1+76.4+81.1)
(1;11.2) (7;11.2) (13;11.2) (19;11.2) (25;64.1+3.1) (31;53.2) (37;47.2) (43;47.2) (49;47.2) (55;10.2) (61;10.2) (67;68.2) (73;68.2) (79;68.2) (85;94.2) (91;94.2) (97;94.2) (103;94.2) (109;59.1+79.1) (115;79.2) (121;20.2) (127;20.2) (133;36.1+43.1) (139;43.2) (145;43.1+13.1) (151;13.2) (157;13.2) (163;13.1+42.1) (169;22.2) (175;22.2) (181;22.2) (187;22.2) (193;12.1+66.1) (199;14.2) (205;14.2) (211;80.2) (217;80.2) (223;80.2) (229;80.2) (235;80.1+54.1) (241;54.2) (247;54.2) (253;54.1+72.1) (259;72.2) (265;72.2) (271;72.1+62.1) (277;62.2) (283;62.2) (289;37.2) (295;37.2) (301;37.2) (307;37.2) (313;82.2) (319;63.2) (325;63.2) (331;63.2) (337;50.2) (343;50.2) (349;29.2) (355;29.2) (361;29.2) (367;29.1+93.1) (373;93.2) (379;31.2) (385;35.2) (391;35.2) (397;35.2) (403;35.2) (409;35.1+87.1) (415;87.2) (421;23.2) (427;23.2) (433;51.2) (439;51.2) (445;51.2) (451;51.1+55.1) (457;24.2) (463;24.2) (469;24.1+67.1) (475;67.2) (481;67.2) (487;67.1+18.1) (493;18.2) (499;18.1+8.1) (505;34.2) (511;34.2) (517;34.2) (523;41.2) (529;41.1+5.1) (535;5.2) (541;5.2) (547;19.2) (553;19.2) (559;19.2) (565;19.2) (571;19.1+17.1) (577;17.2) (583;17.2) (589;17.2) (595;25.2) (601;83.1+46.1) (607;46.2) (613;46.2) (619;46.2) (625;46.2) (631;98.2) (637;26.2) (643;26.2) (649;26.2) (655;26.1+74.1) (661;74.1+30.1) (667;30.2) (673;91.2) (679;91.2) (685;28.2) (691;28.2) (697;28.2) (703;28.1+99.1) (709;99.2) (715;99.2) (721;99.1+32.1) (727;32.2) (733;32.2) (739;32.2) (745;32.1+70.1) (751;70.2) (757;70.2) (763;70.2) (769;71.2) (775;71.2) (781;48.2) (787;48.1+92.1) (793;92.2) (799;92.2) (805;92.2) (811;15.2) (817;90.2) (823;90.2) (829;90.2) (835;90.2) (841;90.1+65.1) (847;9.2) (853;9.2) (859;9.1+44.1) (865;44.2) (871;44.1+39.1) (877;39.2) (883;39.2) (889;77.2) (895;77.2) (901;77.2) (907;77.2) (913;57.2) (919;57.2) (925;57.1+76.1) (931;76.2) (937;76.2) (943;76.2) (949;76.1+78.1) (955;78.2) (961;78.2) (967;78.2) (973;2.2) (979;2.2) (985;2.2) (991;2.2) (997;2.1+81.1) (1003;81.2) (1009;81.2) (1015;81.2) (1021;81.1+100.1) (1027;100.1+96.1) (1033;96.2) (1039;96.2) (1045;96.2) (1051;85.2) (1057;7.2) (1063;7.2) (1069;7.1+95.1) (1075;95.2) (1081;21.2) (1087;21.1+61.1) (1093;61.2) (1099;61.2) (1105;89.1+38.1) (1111;38.2) (1117;38.2) (1123;38.2) (1129;60.2) (1135;60.2) (1141;60.2) (1147;60.1+6.1) (1153;6.2) (1159;6.2) (1165;6.2) (1171;49.2) (1177;49.1+86.1) (1183;86.2) (1189;86.2) (1195;40.1+56.1) (1201;56.2) (1207;56.2) (1213;56.2) (1219;56.1+27.1) (1225;27.2) (1231;73.2) (1237;73.2) (1243;75.2) (1249;75.2) (1255;75.2) (1261;84.1)
