1 // s
5 // m
50 // n

// p, q, a
9 4 0 // M1
1 3 0 // M2
5 5 0 // M3
5 8 0 // M4
4 6 0 // M5

// M1 M2 M3 M4 M5 M6
5 0 2 1 9 // J1
4 6 7 0 8 // J2
5 9 3 4 7 // J3
1 4 2 1 4 // J4
1 1 3 0 4 // J5
4 1 4 3 2 // J6
7 7 9 3 0 // J7
5 6 0 8 6 // J8
1 0 0 0 7 // J9
0 0 5 4 3 // J10
0 2 6 9 3 // J11
4 7 1 7 5 // J12
2 2 4 8 1 // J13
8 9 0 3 2 // J14
5 3 4 5 2 // J15
0 1 2 3 3 // J16
4 5 9 9 1 // J17
5 0 9 9 6 // J18
8 4 3 2 3 // J19
8 5 2 9 9 // J20
0 0 1 2 8 // J21
7 7 1 6 2 // J22
3 5 7 3 0 // J23
6 3 4 6 6 // J24
7 9 0 7 3 // J25
0 9 1 2 3 // J26
4 8 2 4 2 // J27
4 4 6 0 4 // J28
7 9 2 6 3 // J29
2 7 9 2 6 // J30
5 0 5 3 1 // J31
1 9 4 8 8 // J32
7 5 8 3 7 // J33
4 2 3 1 6 // J34
2 6 4 1 8 // J35
8 6 3 4 1 // J36
3 0 9 5 7 // J37
3 2 9 2 1 // J38
4 0 7 2 7 // J39
2 0 9 9 8 // J40
0 4 8 5 4 // J41
9 6 4 5 3 // J42
4 5 0 7 5 // J43
7 6 3 5 3 // J44
1 3 0 9 2 // J45
2 8 1 4 6 // J46
7 7 4 5 0 // J47
8 1 4 0 8 // J48
6 8 3 9 7 // J49
8 0 9 7 0 // J50

(1;13.2+34.2) (10;34.2+6.2) (19;6.2+29.2) (28;29.4) (37;29.1+19.3) (46;19.4) (55;19.1+40.2+44.1) (64;44.4) (73;44.2+22.2) (82;22.4) (91;22.1+32.1+4.1+30.1) (100;30.1+3.3) (109;3.2+24.2) (118;24.4) (127;48.4) (136;48.4) (145;14.4) (154;14.4) (163;20.4) (172;20.4) (181;28.4) (190;43.4) (199;25.4) (208;25.3+1.1) (217;1.4) (226;12.4) (235;15.4) (244;15.1+9.1+2.2) (253;2.2+46.2) (262;33.4) (271;33.3+49.1) (280;49.4) (289;49.1+37.3) (298;7.4) (307;7.3+5.1) (316;38.3+36.1) (325;36.4) (334;36.3+39.1) (343;39.3+50.1) (352;50.4) (361;50.3+35.1) (370;35.1+23.3) (379;18.4) (388;18.1+31.3) (397;31.2+27.2) (406;27.2+8.2) (415;8.3+45.1) (424;17.4) (433;47.4) (442;47.3+42.1) (451;42.4) (460;42.4)
(5;26.3) (6;26.3) (11;26.3) (15;19.3) (16;19.1+14.2) (21;14.3) (24;14.3) (26;14.1+28.2) (31;28.2+45.1) (34;45.2+29.1) (36;29.3) (41;29.3) (42;29.2+23.1) (47;23.3) (51;23.1+2.2) (52;2.3) (57;2.1+34.2) (60;13.2+41.1) (62;41.3) (67;20.3) (70;20.2+43.1) (72;43.3) (77;43.1+17.2) (78;17.3) (83;33.3) (87;33.2+16.1) (88;42.3) (93;42.3) (96;48.1+11.2) (98;35.3) (103;35.3) (106;5.1+15.2) (108;15.1+32.2) (112;32.3) (113;32.3) (114;32.1+24.2) (119;24.1+49.2) (122;49.3) (123;49.3) (124;47.3) (128;47.3) (132;47.1+22.2) (133;22.3) (134;22.2+4.1) (138;4.3) (139;30.3) (143;30.3) (144;30.1+46.2) (148;46.3) (149;46.3) (150;8.3) (155;8.3) (158;38.2+7.1) (159;7.3) (160;7.3) (164;25.3) (168;25.3) (169;25.3) (170;44.3) (174;44.3) (175;27.3) (178;27.3) (179;27.2+6.1) (183;36.3) (184;36.3) (185;3.3) (188;3.3) (191;3.3) (193;12.3) (194;12.3) (195;12.1)
(2;27.2+20.2+7.1) (7;7.5) (12;7.3+34.2) (17;34.1+38.4) (22;38.5) (27;11.5) (32;11.1+30.4) (38;30.5) (43;36.3+16.2) (48;46.1+47.4) (53;31.5) (58;40.5) (63;40.4+28.1) (68;28.5) (74;26.1+41.4) (79;41.4+32.1) (84;32.3+39.2) (89;39.5) (94;21.1+2.4) (99;2.3+29.2) (104;3.3+48.2) (110;48.2+22.1+17.2) (115;17.5) (120;17.2+18.3) (125;18.5) (130;18.1+1.2+50.2) (135;50.5) (140;50.2+19.3) (146;23.5) (151;23.2+33.3) (156;33.5) (161;12.1+5.3+13.1) (166;13.3+49.2) (171;49.1+24.4) (176;35.4+15.1) (182;15.3+6.2) (187;6.2+44.3) (192;10.5) (197;37.5) (202;37.4+42.1) (207;42.3+4.2)
(4;26.2+14.3+45.3) (9;45.6+44.2) (14;44.3+15.5) (20;3.4+32.4) (25;32.4+49.4) (30;49.5+8.3) (35;8.5+4.1+16.2) (40;16.1+13.7) (45;13.1+22.6+40.1) (50;40.8) (56;47.5+11.3) (61;11.6+43.2) (66;43.5+38.2+33.1) (71;33.2+50.6) (76;50.1+37.5+20.2) (81;20.7+41.1) (86;41.4+7.3+46.1) (92;46.3+1.1+21.2+18.2) (97;18.7+35.1) (102;31.3+10.4+29.1) (107;29.5+30.2+42.1) (117;42.4+17.4) (129;17.5+25.3) (142;25.4+6.3+23.1) (153;23.2+24.6) (165;27.4+12.4) (177;12.3+36.4+39.1) (186;39.1+19.2+34.1)
(3;13.1+20.5) (8;20.4+49.2) (13;49.5+3.1) (18;3.6) (23;2.6) (29;2.2+15.2+30.2) (33;30.4+4.2) (39;4.2+28.4) (44;17.1+25.3+19.2) (49;19.1+1.5) (54;1.4+21.2) (59;21.6) (65;35.6) (69;35.2+29.3+48.1) (75;48.6) (80;48.1+8.5) (85;8.1+37.5) (90;37.2+27.2+22.2) (95;46.6) (101;12.5+18.1) (105;18.5+43.1) (111;43.4+14.2) (116;9.6) (121;9.1+33.5) (126;33.2+26.3+34.1) (131;34.5+39.1) (137;39.6) (141;40.6) (147;40.2+44.3+36.1) (152;38.1+32.5) (157;32.3+11.3) (162;45.2+41.4) (167;5.4+16.2) (173;16.1+24.5) (180;24.1+6.2+31.1+10.2) (189;10.1+42.3)
