1 // s
4 // m
50 // n

// p, q, a
5 2 0 // M1
5 3 0 // M2
5 7 0 // M3
6 5 0 // M4

// M1 M2 M3 M4 M5
5 5 7 6 // J1
6 5 9 6 // J2
9 7 2 6 // J3
0 6 3 5 // J4
0 6 5 4 // J5
2 3 1 2 // J6
3 3 2 4 // J7
8 5 2 1 // J8
4 4 6 9 // J9
5 2 8 5 // J10
2 2 8 9 // J11
6 0 8 8 // J12
7 9 1 8 // J13
1 1 1 2 // J14
3 4 3 3 // J15
2 4 7 4 // J16
4 1 1 6 // J17
9 3 0 7 // J18
7 0 2 0 // J19
4 2 6 3 // J20
4 3 6 9 // J21
3 3 9 3 // J22
2 4 5 0 // J23
9 5 2 7 // J24
4 4 4 4 // J25
8 2 9 3 // J26
8 4 1 1 // J27
8 0 8 1 // J28
8 0 8 8 // J29
7 8 0 1 // J30
2 7 3 4 // J31
7 0 7 1 // J32
7 5 6 9 // J33
7 1 4 1 // J34
4 3 0 8 // J35
2 7 4 1 // J36
6 4 1 9 // J37
7 3 9 5 // J38
3 3 2 0 // J39
8 4 5 8 // J40
6 9 4 3 // J41
4 8 4 6 // J42
5 6 3 4 // J43
7 2 9 4 // J44
3 1 8 3 // J45
8 8 4 3 // J46
6 0 5 3 // J47
9 3 3 0 // J48
7 2 1 2 // J49
3 0 7 7 // J50

(1;1.2) (6;1.2) (11;1.1+2.1) (16;2.2) (21;2.2) (26;2.1+3.1) (31;3.2) (36;3.2) (41;3.2) (46;3.2) (51;6.2) (56;7.2) (61;7.1+8.1) (66;8.2) (71;8.2) (76;8.2) (81;8.1+9.1) (86;9.2) (91;9.1+10.1) (96;10.2) (101;10.2) (106;11.2) (111;12.2) (116;12.2) (121;12.2) (126;13.2) (131;13.2) (136;13.2) (141;13.1+14.1) (146;15.2) (151;15.1+16.1) (156;16.1+17.1) (161;17.2) (166;17.1+18.1) (171;18.2) (176;18.2) (181;18.2) (186;18.2) (191;19.2) (196;19.2) (201;19.2) (206;19.1+20.1) (211;20.2) (216;20.1+21.1) (221;21.2) (226;21.1+22.1) (231;22.2) (236;23.2) (241;24.2) (246;24.2) (251;24.2) (256;24.2) (261;24.1+25.1) (266;25.2) (271;25.1+26.1) (276;26.2) (281;26.2) (286;26.2) (291;26.1+27.1) (296;27.2) (301;27.2) (306;27.2) (311;27.1+28.1) (316;28.2) (321;28.2) (326;28.2) (331;28.1+29.1) (336;29.2) (341;29.2) (346;29.2) (351;29.1+30.1) (356;30.2) (361;30.2) (366;30.2) (371;31.2) (376;32.2) (381;32.2) (386;32.2) (391;32.1+33.1) (396;33.2) (401;33.2) (406;33.2) (411;34.2) (416;34.2) (421;34.2) (426;34.1+35.1) (431;35.2) (436;35.1+36.1) (441;36.1+37.1) (446;37.2) (451;37.2) (456;37.1+38.1) (461;38.2) (466;38.2) (471;38.2) (476;39.2) (481;39.1+40.1) (486;40.2) (491;40.2) (496;40.2) (501;40.1+41.1) (506;41.2) (511;41.2) (516;41.1+42.1) (521;42.2) (526;42.1+43.1) (531;43.2) (536;43.2) (541;44.2) (546;44.2) (551;44.2) (556;44.1+45.1) (561;45.2) (566;46.2) (571;46.2) (576;46.2) (581;46.2) (586;47.2) (591;47.2) (596;47.2) (601;48.2) (606;48.2) (611;48.2) (616;48.2) (621;48.1+49.1) (626;49.2) (631;49.2) (636;49.2) (641;50.2) (646;50.1)
(2;1.3) (7;1.2+2.1) (12;2.3) (17;2.1+3.2) (22;3.3) (27;3.2+4.1) (32;4.3) (37;4.2+5.1) (42;5.3) (47;5.2+6.1) (52;6.2+7.1) (57;7.2+8.1) (62;8.3) (67;8.1+9.2) (72;9.2+10.1) (77;10.1+11.2) (82;13.3) (87;13.3) (92;13.3) (97;14.1+15.2) (102;15.2+16.1) (107;16.3) (112;17.1+18.2) (117;18.1+20.2) (122;21.3) (127;22.3) (132;23.3) (137;23.1+24.2) (142;24.3) (147;25.3) (152;25.1+26.2) (157;27.3) (162;27.1+30.2) (167;30.3) (172;30.3) (177;31.3) (182;31.3) (187;31.1+33.2) (192;33.3) (197;34.1+35.2) (202;35.1+36.2) (207;36.3) (212;36.2+37.1) (217;37.3) (222;38.3) (227;39.3) (232;40.3) (237;40.1+41.2) (242;41.3) (247;41.3) (252;41.1+42.2) (257;42.3) (262;42.3) (267;43.3) (272;43.3) (277;44.2+45.1) (282;46.3) (287;46.3) (292;46.2+48.1) (297;48.2+49.1) (302;49.1)
(4;1.7) (10;2.7) (18;2.2+3.2+4.3) (24;5.5+6.1+7.1) (30;7.1+8.2+9.4) (38;9.2+10.5) (44;10.3+11.4) (50;11.4+12.3) (58;12.5+13.1+14.1) (64;15.3+16.4) (70;16.3+17.1+19.2+20.1) (78;20.5+21.2) (84;21.4+22.3) (90;22.6+23.1) (98;23.4+24.2+25.1) (104;25.3+26.4) (110;26.5+27.1+28.1) (118;28.7) (124;29.7) (130;29.1+31.3+32.3) (138;32.4+33.3) (144;33.3+34.4) (150;36.4+37.1+38.2) (158;38.7) (164;39.2+40.5) (170;41.4+42.3) (178;42.1+43.3+44.3) (184;44.6+45.1) (190;45.7) (198;46.4+47.3) (204;47.2+48.3+49.1+50.1) (210;50.6)
(3;1.5) (9;1.1+2.4) (15;2.2+3.3) (23;3.3+4.2) (29;4.3+5.2) (35;5.2+6.2+7.1) (43;7.3+8.1+9.1) (49;9.5) (55;9.3+10.2) (63;10.3+11.2) (69;11.5) (75;11.2+12.3) (83;12.5) (89;13.5) (95;13.3+14.2) (103;15.3+16.2) (109;16.2+17.3) (115;17.3+18.2) (123;18.5) (129;20.3+21.2) (135;21.5) (143;21.2+22.3) (149;24.5) (155;24.2+25.3) (163;25.1+26.3+27.1) (169;28.1+29.4) (175;29.4+30.1) (183;31.4+32.1) (189;33.5) (195;33.4+34.1) (203;35.5) (209;35.3+36.1+37.1) (215;37.5) (223;37.3+38.2) (229;38.3+40.2) (235;40.5) (243;40.1+41.3+42.1) (249;42.5) (255;43.4+44.1) (263;44.3+45.2) (269;45.1+46.3+47.1) (275;47.2+49.2+50.1) (283;50.5) (289;50.1)
