1 // s
2 // m
50 // n

// p, q, a
2 4 0 // M1
7 2 0 // M2

// M1 M2 M3
2 5 // J1
2 8 // J2
0 4 // J3
3 0 // J4
6 7 // J5
0 4 // J6
6 2 // J7
9 2 // J8
1 9 // J9
9 9 // J10
0 1 // J11
2 5 // J12
3 4 // J13
3 4 // J14
2 8 // J15
8 8 // J16
2 9 // J17
7 9 // J18
5 3 // J19
0 1 // J20
5 5 // J21
7 4 // J22
4 8 // J23
5 3 // J24
7 6 // J25
9 2 // J26
3 7 // J27
0 1 // J28
3 7 // J29
5 5 // J30
0 8 // J31
8 7 // J32
8 2 // J33
1 7 // J34
4 0 // J35
7 7 // J36
8 8 // J37
3 4 // J38
3 7 // J39
0 4 // J40
8 9 // J41
6 5 // J42
9 6 // J43
4 5 // J44
8 5 // J45
5 7 // J46
8 5 // J47
0 7 // J48
7 0 // J49
5 2 // J50

(2;1.2+2.2) (4;4.3+5.1) (6;5.4) (9;5.1+7.3) (11;7.3+8.1) (13;8.4) (16;8.4) (18;9.1+10.3) (20;10.4) (23;10.2+12.2) (25;13.3+14.1) (27;14.2+15.2) (30;16.4) (32;16.4) (34;17.2+18.2) (37;18.4) (39;18.1+19.3) (41;19.2+21.2) (44;21.3+22.1) (46;22.4) (48;22.2+23.2) (51;23.2+24.2) (53;24.3+25.1) (55;25.4) (58;25.2+26.2) (60;26.4) (62;26.3+27.1) (65;27.2+29.2) (67;29.1+30.3) (69;30.2+32.2) (72;32.4) (74;32.2+33.2) (76;33.4) (79;33.2+34.1+35.1) (81;35.3+36.1) (83;36.4) (86;36.2+37.2) (88;37.4) (90;37.2+38.2) (93;38.1+39.3) (95;41.4) (97;41.4) (100;42.4) (102;42.2+43.2) (104;43.4) (107;43.3+44.1) (109;44.3+45.1) (111;45.4) (114;45.3+46.1) (116;46.4) (118;47.4) (121;47.4) (123;49.4) (125;49.3+50.1) (128;50.4)
(1;1.2) (8;1.2) (15;1.1+2.1) (22;2.2) (29;2.2) (36;2.2) (43;2.1+3.1) (50;3.2) (57;3.1+5.1) (64;5.2) (71;5.2) (78;5.2) (85;6.2) (92;6.2) (99;7.2) (106;8.2) (113;9.2) (120;9.2) (127;9.2) (134;9.2) (141;9.1+10.1) (148;10.2) (155;10.2) (162;10.2) (169;10.2) (176;11.1+12.1) (183;12.2) (190;12.2) (197;13.2) (204;13.2) (211;14.2) (218;14.2) (225;15.2) (232;15.2) (239;15.2) (246;15.2) (253;16.2) (260;16.2) (267;16.2) (274;16.2) (281;17.2) (288;17.2) (295;17.2) (302;17.2) (309;17.1+18.1) (316;18.2) (323;18.2) (330;18.2) (337;18.2) (344;19.2) (351;19.1+20.1) (358;21.2) (365;21.2) (372;21.1+22.1) (379;22.2) (386;22.1+23.1) (393;23.2) (400;23.2) (407;23.2) (414;23.1+24.1) (421;24.2) (428;25.2) (435;25.2) (442;25.2) (449;26.2) (456;27.2) (463;27.2) (470;27.2) (477;27.1+28.1) (484;29.2) (491;29.2) (498;29.2) (505;29.1+30.1) (512;30.2) (519;30.2) (526;31.2) (533;31.2) (540;31.2) (547;31.2) (554;32.2) (561;32.2) (568;32.2) (575;32.1+33.1) (582;33.1+34.1) (589;34.2) (596;34.2) (603;34.2) (610;36.2) (617;36.2) (624;36.2) (631;36.1+37.1) (638;37.2) (645;37.2) (652;37.2) (659;37.1+38.1) (666;38.2) (673;38.1+39.1) (680;39.2) (687;39.2) (694;39.2) (701;40.2) (708;40.2) (715;41.2) (722;41.2) (729;41.2) (736;41.2) (743;41.1+42.1) (750;42.2) (757;42.2) (764;43.2) (771;43.2) (778;43.2) (785;44.2) (792;44.2) (799;44.1+45.1) (806;45.2) (813;45.2) (820;46.2) (827;46.2) (834;46.2) (841;46.1+47.1) (848;47.2) (855;47.2) (862;48.2) (869;48.2) (876;48.2) (883;48.1+50.1) (890;50.1)
