1 // s
3 // m
20 // n

// p, q, a
3 2 0 // M1
5 2 0 // M2
6 5 0 // M3

// M1 M2 M3 M4
6 0 9 // J1
7 9 4 // J2
3 5 0 // J3
1 4 9 // J4
7 6 0 // J5
4 6 7 // J6
2 2 2 // J7
2 7 1 // J8
9 1 9 // J9
5 0 7 // J10
9 7 7 // J11
5 7 5 // J12
5 1 2 // J13
5 2 1 // J14
6 3 2 // J15
4 1 9 // J16
5 8 3 // J17
7 8 4 // J18
1 4 3 // J19
7 7 8 // J20

(2;20.2) (5;20.2) (8;20.2) (12;20.1+15.1) (15;15.2) (18;15.2) (22;15.1+10.1) (25;10.2) (28;10.2) (32;12.2) (35;12.2) (38;12.1+5.1) (42;5.2) (45;5.2) (48;5.2) (52;9.2) (55;9.2) (58;9.2) (62;9.2) (65;9.1+1.1) (68;1.2) (72;1.2) (75;1.1+14.1) (78;14.2) (82;14.2) (85;17.2) (88;17.2) (92;17.1+7.1) (95;7.1+19.1) (98;16.2) (102;16.2) (105;4.1+6.1) (108;6.2) (112;6.1+13.1) (115;13.2) (118;13.2) (122;8.2) (125;2.2) (128;2.2) (132;2.2) (135;2.1+3.1) (138;3.2) (142;18.2) (145;18.2) (148;18.2) (152;18.1+11.1) (155;11.2) (158;11.2) (162;11.2) (165;11.2)
(1;11.2) (6;11.2) (11;11.2) (16;11.1+15.1) (21;15.2) (26;12.2) (31;12.2) (36;12.2) (41;12.1+5.1) (46;5.2) (51;5.2) (56;5.1+9.1) (61;2.2) (66;2.2) (71;2.2) (76;2.2) (81;2.1+18.1) (86;18.2) (91;18.2) (96;18.2) (101;18.1+14.1) (106;14.1+3.1) (111;3.2) (116;3.2) (121;16.1+20.1) (126;20.2) (131;20.2) (136;20.2) (141;7.2) (146;19.2) (151;19.2) (156;4.2) (161;4.2) (166;8.2) (171;8.2) (176;8.2) (181;8.1+6.1) (186;6.2) (191;6.2) (196;6.1+17.1) (201;17.2) (206;17.2) (211;17.2) (216;17.1+13.1)
(3;10.5) (9;10.2+16.3) (17;16.5) (23;16.1+18.4) (29;6.5) (37;6.2+14.1+12.2) (43;12.3+8.1+13.1) (49;13.1+9.4) (57;9.5) (63;4.5) (69;4.4+17.1) (77;17.2+7.2+20.1) (83;20.5) (89;20.2+15.2+19.1) (97;19.2+11.3) (103;11.4+2.1) (109;2.3+1.2) (117;1.5) (123;1.2)
