1 // s
4 // m
20 // n

// p, q, a
1 4 0 // M1
6 8 0 // M2
7 2 0 // M3
3 5 0 // M4

// M1 M2 M3 M4 M5
8 0 3 8 // J1
4 4 5 4 // J2
7 1 9 6 // J3
9 4 9 1 // J4
6 6 8 6 // J5
8 9 1 1 // J6
1 2 2 4 // J7
4 7 0 0 // J8
2 9 0 3 // J9
5 7 2 4 // J10
4 1 5 7 // J11
5 2 8 6 // J12
3 5 0 0 // J13
1 6 6 8 // J14
8 1 7 1 // J15
2 1 9 9 // J16
0 8 4 0 // J17
3 5 5 9 // J18
3 3 2 7 // J19
4 3 6 8 // J20

(4;1.4) (5;1.4) (7;2.4) (11;3.4) (12;3.3+4.1) (14;4.4) (18;4.4) (19;5.4) (21;5.2+6.2) (25;6.4) (26;6.2+7.1+8.1) (28;8.3+9.1) (32;9.1+10.3) (33;10.2+11.2) (35;11.2+12.2) (39;12.3+13.1) (40;13.2+14.1+15.1) (42;15.4) (46;15.3+16.1) (47;16.1+18.3) (49;19.3+20.1) (53;20.3)
(2;2.4+3.1+4.3) (9;4.1+5.6+6.1) (16;6.8) (23;7.2+8.6) (30;8.1+9.7) (37;9.2+10.6) (44;10.1+11.1+12.2+13.4) (51;13.1+14.6+15.1) (58;16.1+17.7) (65;17.1+18.5+19.2) (72;19.1+20.3)
(1;1.2) (8;1.1+2.1) (15;2.2) (22;2.2) (29;3.2) (36;3.2) (43;3.2) (50;3.2) (57;3.1+4.1) (64;4.2) (71;4.2) (78;4.2) (85;4.2) (92;5.2) (99;5.2) (106;5.2) (113;5.2) (120;6.1+7.1) (127;7.1+10.1) (134;10.1+11.1) (141;11.2) (148;11.2) (155;12.2) (162;12.2) (169;12.2) (176;12.2) (183;14.2) (190;14.2) (197;14.2) (204;15.2) (211;15.2) (218;15.2) (225;15.1+16.1) (232;16.2) (239;16.2) (246;16.2) (253;16.2) (260;17.2) (267;17.2) (274;18.2) (281;18.2) (288;18.1+19.1) (295;19.1+20.1) (302;20.2) (309;20.2) (316;20.1)
(3;1.5) (6;1.3+2.2) (10;2.2+3.3) (13;3.3+4.1+5.1) (17;5.5) (20;6.1+7.4) (24;9.3+10.2) (27;10.2+11.3) (31;11.4+12.1) (34;12.5) (38;14.5) (41;14.3+15.1+16.1) (45;16.5) (48;16.3+18.2) (52;18.5) (55;18.2+19.3) (59;19.4+20.1) (62;20.5) (66;20.2)
