1 // s
4 // m
50 // n

// p, q, a
2 2 0 // M1
6 7 0 // M2
8 2 0 // M3
8 2 0 // M4

// M1 M2 M3 M4 M5
4 8 9 4 // J1
4 9 1 8 // J2
4 1 2 0 // J3
3 9 1 8 // J4
7 1 3 0 // J5
7 8 3 8 // J6
4 4 1 1 // J7
1 1 5 8 // J8
9 3 9 5 // J9
6 4 4 1 // J10
7 7 0 2 // J11
0 9 3 1 // J12
0 7 9 6 // J13
7 6 2 5 // J14
4 0 9 9 // J15
8 0 7 2 // J16
6 4 0 9 // J17
9 5 2 2 // J18
7 2 3 0 // J19
8 0 8 4 // J20
0 9 1 3 // J21
2 8 0 2 // J22
1 4 0 5 // J23
5 4 2 7 // J24
0 8 6 5 // J25
8 3 2 4 // J26
5 6 9 5 // J27
3 2 7 4 // J28
2 4 9 9 // J29
9 3 0 8 // J30
3 8 8 4 // J31
5 6 7 2 // J32
9 6 0 0 // J33
4 2 6 6 // J34
6 6 8 5 // J35
8 5 8 9 // J36
7 6 2 0 // J37
4 3 7 6 // J38
7 7 1 0 // J39
5 8 9 8 // J40
9 6 6 7 // J41
2 6 9 0 // J42
8 3 2 2 // J43
5 5 9 8 // J44
9 8 7 9 // J45
4 7 7 5 // J46
8 3 2 6 // J47
0 5 0 8 // J48
7 9 5 1 // J49
9 1 7 0 // J50

(3;1.2) (5;1.2) (7;2.2) (11;2.2) (13;3.2) (15;3.2) (19;4.2) (21;4.1+5.1) (23;5.2) (27;5.2) (29;5.2) (31;6.2) (35;6.2) (37;6.2) (39;6.1+7.1) (43;7.2) (45;7.1+8.1) (47;9.2) (51;9.2) (53;9.2) (55;9.2) (59;9.1+10.1) (61;10.2) (63;10.2) (67;10.1+11.1) (69;11.2) (71;11.2) (75;11.2) (77;14.2) (79;14.2) (83;14.2) (85;14.1+15.1) (87;15.2) (91;15.1+16.1) (93;16.2) (95;16.2) (99;16.2) (101;16.1+17.1) (103;17.2) (107;17.2) (109;17.1+18.1) (111;18.2) (115;18.2) (117;18.2) (119;18.2) (123;19.2) (125;19.2) (127;19.2) (131;19.1+20.1) (133;20.2) (135;20.2) (139;20.2) (141;20.1+22.1) (143;22.1+23.1) (147;24.2) (149;24.2) (151;24.1+26.1) (155;26.2) (157;26.2) (159;26.2) (163;26.1+27.1) (165;27.2) (167;27.2) (171;28.2) (173;28.1+29.1) (175;29.1+30.1) (179;30.2) (181;30.2) (183;30.2) (187;30.2) (189;31.2) (191;31.1+32.1) (195;32.2) (197;32.2) (199;33.2) (203;33.2) (205;33.2) (207;33.2) (211;33.1+34.1) (213;34.2) (215;34.1+35.1) (219;35.2) (221;35.2) (223;35.1+36.1) (227;36.2) (229;36.2) (231;36.2) (235;36.1+37.1) (237;37.2) (239;37.2) (243;37.2) (245;38.2) (247;38.2) (251;39.2) (253;39.2) (255;39.2) (259;39.1+40.1) (261;40.2) (263;40.2) (267;41.2) (269;41.2) (271;41.2) (275;41.2) (277;41.1+42.1) (279;42.1+43.1) (283;43.2) (285;43.2) (287;43.2) (291;43.1+44.1) (293;44.2) (295;44.2) (299;45.2) (301;45.2) (303;45.2) (307;45.2) (309;45.1+46.1) (311;46.2) (315;46.1+47.1) (317;47.2) (319;47.2) (323;47.2) (325;47.1+49.1) (327;49.2) (331;49.2) (333;49.2) (335;50.2) (339;50.2) (341;50.2) (343;50.2) (347;50.1)
(4;1.7) (12;1.1+2.6) (20;2.3+3.1+4.3) (28;4.6+5.1) (36;6.7) (44;6.1+7.4+8.1+9.1) (52;9.2+10.4+11.1) (60;11.6+12.1) (68;12.7) (76;12.1+13.6) (84;13.1+14.6) (92;17.4+18.3) (100;18.2+19.2+21.3) (108;21.6+22.1) (116;22.7) (124;23.4+24.3) (132;24.1+25.6) (140;25.2+26.3+27.2) (148;27.4+28.2+29.1) (156;29.3+30.3+31.1) (164;31.7) (172;32.6+33.1) (180;33.5+34.2) (188;35.6+36.1) (196;36.4+37.3) (204;37.3+38.3+39.1) (212;39.6+40.1) (220;40.7) (228;41.6+42.1) (236;42.5+43.2) (244;43.1+44.5+45.1) (252;45.7) (260;46.7) (268;47.3+48.4) (276;48.1+49.6) (284;49.3+50.1)
(1;1.2) (9;1.2) (17;1.2) (25;1.2) (33;1.1+2.1) (41;3.2) (49;4.1+5.1) (57;5.2) (65;6.2) (73;6.1+7.1) (81;8.2) (89;8.2) (97;8.1+9.1) (105;9.2) (113;9.2) (121;9.2) (129;9.2) (137;10.2) (145;10.2) (153;12.2) (161;12.1+13.1) (169;13.2) (177;13.2) (185;13.2) (193;13.2) (201;14.2) (209;15.2) (217;15.2) (225;15.2) (233;15.2) (241;15.1+16.1) (249;16.2) (257;16.2) (265;16.2) (273;18.2) (281;19.2) (289;19.1+20.1) (297;20.2) (305;20.2) (313;20.2) (321;20.1+21.1) (329;24.2) (337;25.2) (345;25.2) (353;25.2) (361;26.2) (369;27.2) (377;27.2) (385;27.2) (393;27.2) (401;27.1+28.1) (409;28.2) (417;28.2) (425;28.2) (433;29.2) (441;29.2) (449;29.2) (457;29.2) (465;29.1+31.1) (473;31.2) (481;31.2) (489;31.2) (497;31.1+32.1) (505;32.2) (513;32.2) (521;32.2) (529;34.2) (537;34.2) (545;34.2) (553;35.2) (561;35.2) (569;35.2) (577;35.2) (585;36.2) (593;36.2) (601;36.2) (609;36.2) (617;37.2) (625;38.2) (633;38.2) (641;38.2) (649;38.1+39.1) (657;40.2) (665;40.2) (673;40.2) (681;40.2) (689;40.1+41.1) (697;41.2) (705;41.2) (713;41.1+42.1) (721;42.2) (729;42.2) (737;42.2) (745;42.2) (753;43.2) (761;44.2) (769;44.2) (777;44.2) (785;44.2) (793;44.1+45.1) (801;45.2) (809;45.2) (817;45.2) (825;46.2) (833;46.2) (841;46.2) (849;46.1+47.1) (857;47.1+49.1) (865;49.2) (873;49.2) (881;50.2) (889;50.2) (897;50.2) (905;50.1)
(2;1.2) (10;1.2) (18;2.2) (26;2.2) (34;2.2) (42;2.2) (50;4.2) (58;4.2) (66;4.2) (74;4.2) (82;6.2) (90;6.2) (98;6.2) (106;6.2) (114;7.1+8.1) (122;8.2) (130;8.2) (138;8.2) (146;8.1+9.1) (154;9.2) (162;9.2) (170;10.1+11.1) (178;11.1+12.1) (186;13.2) (194;13.2) (202;13.2) (210;14.2) (218;14.2) (226;14.1+15.1) (234;15.2) (242;15.2) (250;15.2) (258;15.2) (266;16.2) (274;17.2) (282;17.2) (290;17.2) (298;17.2) (306;17.1+18.1) (314;18.1+20.1) (322;20.2) (330;20.1+21.1) (338;21.2) (346;22.2) (354;23.2) (362;23.2) (370;23.1+24.1) (378;24.2) (386;24.2) (394;24.2) (402;25.2) (410;25.2) (418;25.1+26.1) (426;26.2) (434;26.1+27.1) (442;27.2) (450;27.2) (458;28.2) (466;28.2) (474;29.2) (482;29.2) (490;29.2) (498;29.2) (506;29.1+30.1) (514;30.2) (522;30.2) (530;30.2) (538;30.1+31.1) (546;31.2) (554;31.1+32.1) (562;32.1+34.1) (570;34.2) (578;34.2) (586;34.1+35.1) (594;35.2) (602;35.2) (610;36.2) (618;36.2) (626;36.2) (634;36.2) (642;36.1+38.1) (650;38.2) (658;38.2) (666;38.1+40.1) (674;40.2) (682;40.2) (690;40.2) (698;40.1+41.1) (706;41.2) (714;41.2) (722;41.2) (730;43.2) (738;44.2) (746;44.2) (754;44.2) (762;44.2) (770;45.2) (778;45.2) (786;45.2) (794;45.2) (802;45.1+46.1) (810;46.2) (818;46.2) (826;47.2) (834;47.2) (842;47.2) (850;48.2) (858;48.2) (866;48.2) (874;48.2) (882;49.1)
