1 // s
5 // m
30 // n

// p, q, a
2 2 0 // M1
7 3 0 // M2
7 3 0 // M3
1 4 0 // M4
7 2 0 // M5

// M1 M2 M3 M4 M5 M6
8 6 2 4 9 // J1
0 7 3 3 4 // J2
6 9 8 7 4 // J3
5 1 6 6 1 // J4
8 8 5 1 9 // J5
6 8 0 6 3 // J6
5 9 1 6 4 // J7
4 2 6 1 9 // J8
5 7 2 1 4 // J9
2 2 9 7 1 // J10
1 4 7 5 2 // J11
0 0 0 5 2 // J12
2 6 6 9 9 // J13
6 8 2 3 0 // J14
2 4 4 6 5 // J15
1 5 4 6 6 // J16
3 8 3 5 2 // J17
1 2 5 3 4 // J18
3 2 1 8 7 // J19
9 0 2 2 8 // J20
4 9 6 6 8 // J21
6 9 0 0 0 // J22
4 6 3 8 9 // J23
3 2 1 7 7 // J24
3 2 8 8 6 // J25
0 3 5 9 6 // J26
1 2 1 8 2 // J27
4 2 7 6 5 // J28
1 2 5 3 0 // J29
6 8 3 9 3 // J30

(4;11.1+14.1) (6;14.2) (11;14.2) (13;14.1+18.1) (18;10.2) (20;25.2) (25;25.1+29.1) (27;24.2) (32;24.1+17.1) (34;17.2) (39;16.1+23.1) (41;23.2) (46;23.1+30.1) (48;30.2) (53;30.2) (55;30.1+13.1) (60;13.1+21.1) (62;21.2) (67;21.1+19.1) (69;19.2) (74;6.2) (76;6.2) (81;6.2) (83;4.2) (88;4.2) (90;4.1+22.1) (95;22.2) (97;22.2) (102;22.1+28.1) (104;28.2) (109;28.1+27.1) (111;5.2) (116;5.2) (118;5.2) (123;5.2) (125;3.2) (130;3.2) (132;3.2) (137;7.2) (139;7.2) (144;7.1+15.1) (146;15.1+9.1) (151;9.2) (153;9.2) (158;8.2) (160;8.2) (165;1.2) (167;1.2) (172;1.2) (174;1.2) (179;20.2) (181;20.2) (186;20.2) (188;20.2) (193;20.1)
(2;3.3) (9;3.3) (16;3.3) (23;8.2+4.1) (30;11.3) (37;11.1+22.2) (44;22.3) (51;22.3) (58;22.1+5.2) (65;5.3) (72;5.3) (79;27.2+6.1) (86;6.3) (93;6.3) (100;6.1+14.2) (107;14.3) (114;14.3) (121;29.2+25.1) (128;25.1+23.2) (135;23.3) (142;23.1+9.2) (149;9.3) (156;9.2+28.1) (163;28.1+30.2) (170;30.3) (177;30.3) (184;1.3) (191;1.3) (198;2.3) (205;2.3) (212;2.1+10.2) (219;16.3) (226;16.2+26.1) (233;26.2+24.1) (240;24.1+18.2) (247;15.3) (254;15.1+19.2) (261;17.3) (268;17.3) (275;17.2+21.1) (282;21.3) (289;21.3) (296;21.2+7.1) (303;7.3) (310;7.3) (317;7.2+13.1) (324;13.3) (331;13.2)
(3;14.2+13.1) (10;13.3) (17;13.2+15.1) (24;15.3) (31;21.3) (38;21.3) (45;7.1+23.2) (52;23.1+9.2) (59;19.1+8.2) (66;8.3) (73;8.1+3.2) (80;3.3) (87;3.3) (94;27.1+24.1+30.1) (101;30.2+2.1) (108;2.2+28.1) (115;28.3) (122;28.3) (129;5.3) (136;5.2+11.1) (143;11.3) (150;11.3) (157;1.2+4.1) (164;4.3) (171;4.2+16.1) (178;16.3) (185;29.3) (192;29.2+20.1) (199;20.1+25.2) (206;25.3) (213;25.3) (220;10.3) (227;10.3) (234;10.3) (241;18.3) (248;18.2+26.1) (255;26.3) (262;26.1+17.2) (269;17.1)
(5;15.4) (7;15.2+26.2) (12;26.4) (14;26.3+9.1) (19;19.4) (21;19.4) (26;30.4) (28;30.4) (33;30.1+20.2+18.1) (35;18.2+3.2) (40;3.4) (42;3.1+25.3) (47;25.4) (49;25.1+17.3) (54;17.2+4.2) (56;4.4) (61;11.4) (63;11.1+24.3) (68;24.4) (70;28.4) (75;28.2+27.2) (77;27.4) (82;27.2+10.2) (84;10.4) (89;10.1+29.3) (91;21.4) (96;21.2+16.2) (98;16.4) (103;13.4) (105;13.4) (110;13.1+2.3) (112;14.3+12.1) (117;12.4) (119;5.1+8.1+6.2) (124;6.4) (126;7.4) (131;7.2+23.2) (133;23.4) (138;23.2+1.2) (140;1.2)
(1;7.2) (8;7.2) (15;24.2) (22;24.2) (29;24.2) (36;24.1+1.1) (43;1.2) (50;1.2) (57;1.2) (64;1.2) (71;3.2) (78;3.2) (85;5.2) (92;5.2) (99;5.2) (106;5.2) (113;5.1+13.1) (120;13.2) (127;13.2) (134;13.2) (141;13.2) (148;2.2) (155;2.2) (162;25.2) (169;25.2) (176;25.2) (183;6.2) (190;6.1+16.1) (197;16.2) (204;16.2) (211;16.1+15.1) (218;15.2) (225;15.2) (232;4.1+17.1) (239;17.1+19.1) (246;19.2) (253;19.2) (260;19.2) (267;26.2) (274;26.2) (281;26.2) (288;23.2) (295;23.2) (302;23.2) (309;23.2) (316;23.1+30.1) (323;30.2) (330;20.2) (337;20.2) (344;20.2) (351;20.2) (358;18.2) (365;18.2) (372;27.2) (379;12.2) (386;11.2) (393;8.2) (400;8.2) (407;8.2) (414;8.2) (421;8.1+21.1) (428;21.2) (435;21.2) (442;21.2) (449;21.1+9.1) (456;9.2) (463;9.1+28.1) (470;28.2) (477;28.2) (484;10.1)
