1 // s
5 // m
30 // n

// p, q, a
8 4 0 // M1
6 6 0 // M2
8 2 0 // M3
2 9 0 // M4
8 3 0 // M5

// M1 M2 M3 M4 M5 M6
1 7 1 3 2 // J1
9 5 3 9 2 // J2
3 4 1 1 7 // J3
2 6 3 8 9 // J4
1 0 9 2 4 // J5
7 6 7 2 1 // J6
8 1 5 6 7 // J7
0 6 5 3 4 // J8
7 8 6 0 0 // J9
3 2 3 8 5 // J10
4 8 0 8 9 // J11
0 8 9 9 5 // J12
2 7 1 8 4 // J13
2 9 4 3 7 // J14
6 0 9 4 1 // J15
3 4 8 1 0 // J16
4 2 9 6 6 // J17
9 1 7 7 7 // J18
2 7 5 7 1 // J19
0 6 8 6 8 // J20
4 8 9 1 9 // J21
3 8 5 6 6 // J22
6 9 7 9 1 // J23
9 8 5 1 4 // J24
0 2 7 6 4 // J25
8 4 2 3 1 // J26
7 5 2 3 5 // J27
6 3 8 6 3 // J28
0 5 1 0 0 // J29
3 0 6 6 1 // J30

(3;24.4) (11;24.4) (19;24.1+7.3) (27;7.4) (35;7.1+21.3) (43;21.1+27.3) (51;27.4) (59;14.2+28.2) (67;28.4) (75;4.2+18.2) (83;18.4) (91;18.3+30.1) (99;30.2+17.2) (107;17.2+19.2) (115;26.4) (123;26.4) (131;10.3+6.1) (139;6.4) (147;6.2+2.2) (155;2.4) (163;2.3+3.1) (171;3.2+13.2) (179;1.1+22.3) (187;16.3+9.1) (195;9.4) (203;9.2+23.2) (211;23.4) (219;15.4) (227;15.2+5.1+11.1) (235;11.3)
(4;8.6) (12;3.4+1.2) (20;1.5+13.1) (28;13.6) (36;12.6) (44;12.2+7.1+25.2+11.1) (52;11.6) (60;11.1+9.5) (68;9.3+24.3) (76;24.5+21.1) (84;21.6) (92;21.1+29.5) (100;18.1+23.5) (108;23.4+4.2) (116;4.4+17.2) (124;10.2+6.4) (132;6.2+16.4) (140;27.5+2.1) (148;2.4+22.2) (156;22.6) (164;19.6) (172;19.1+26.4+14.1) (180;14.6) (188;14.2+20.4) (196;20.2+28.3)
(1;29.1+13.1) (9;23.2) (17;23.2) (25;23.2) (33;23.1+3.1) (41;21.2) (49;21.2) (57;21.2) (65;21.2) (73;21.1+4.1) (81;4.2) (89;6.2) (97;6.2) (105;6.2) (113;6.1+10.1) (121;10.2) (129;26.2) (137;17.2) (145;17.2) (153;17.2) (161;17.2) (169;17.1+18.1) (177;18.2) (185;18.2) (193;18.2) (201;30.2) (209;30.2) (217;30.2) (225;5.2) (233;5.2) (241;5.2) (249;5.2) (257;5.1+9.1) (265;9.2) (273;9.2) (281;9.1+22.1) (289;22.2) (297;22.2) (305;7.2) (313;7.2) (321;7.1+15.1) (329;15.2) (337;15.2) (345;15.2) (353;15.2) (361;12.2) (369;12.2) (377;12.2) (385;12.2) (393;12.1+19.1) (401;19.2) (409;19.2) (417;20.2) (425;20.2) (433;20.2) (441;20.2) (449;14.2) (457;14.2) (465;8.2) (473;8.2) (481;8.1+28.1) (489;28.2) (497;28.2) (505;28.2) (513;28.1+2.1) (521;2.2) (529;25.2) (537;25.2) (545;25.2) (553;25.1+1.1) (561;16.2) (569;16.2) (577;16.2) (585;16.2) (593;24.2) (601;24.2) (609;24.1+27.1) (617;27.1)
(5;28.6+2.3) (7;2.6+24.1+3.1+6.1) (13;6.1+12.8) (15;12.1+18.7+10.1) (21;10.7+21.1+30.1) (23;30.5+14.3+17.1) (29;17.5+1.3+22.1) (31;22.5+20.4) (37;20.2+5.2+25.5) (39;25.1+16.1+27.3+11.4) (45;11.4+8.3+19.2) (47;19.5+26.3+15.1) (53;15.3+13.6) (55;13.2+7.6+23.1) (61;23.8+4.1) (63;4.7)
(2;5.3) (10;5.1+6.1+27.1) (18;27.3) (26;27.1+3.2) (34;3.3) (42;3.2+13.1) (50;13.3) (58;11.3) (66;11.3) (74;11.3) (82;14.3) (90;14.3) (98;14.1+15.1+7.1) (106;7.3) (114;7.3) (122;25.3) (130;25.1+28.2) (138;28.1+19.1+17.1) (146;17.3) (154;17.2+24.1) (162;24.3) (170;18.3) (178;18.3) (186;18.1+30.1+1.1) (194;1.1+22.2) (202;22.3) (210;22.1+8.2) (218;8.2+2.1) (226;2.1+20.2) (234;20.3) (242;20.3) (250;23.1+4.2) (258;4.3) (266;4.3) (274;4.1+26.1+12.1) (282;12.3) (290;12.1+10.2) (298;10.3) (306;21.3) (314;21.3) (322;21.3)
