1 // s
2 // m
20 // n

// p, q, a
5 2 0 // M1
7 3 0 // M2

// M1 M2 M3
4 6 // J1
5 5 // J2
9 9 // J3
9 8 // J4
8 0 // J5
9 0 // J6
0 5 // J7
3 0 // J8
9 8 // J9
9 2 // J10
6 1 // J11
5 2 // J12
3 0 // J13
0 7 // J14
4 7 // J15
7 2 // J16
1 1 // J17
7 7 // J18
3 5 // J19
4 2 // J20

(1;16.2) (6;16.2) (11;16.2) (16;16.1+5.1) (21;5.2) (26;5.2) (31;5.2) (36;5.1+12.1) (41;12.2) (46;12.2) (51;2.2) (56;2.2) (61;2.1+20.1) (66;20.2) (71;20.1+17.1) (76;13.2) (81;13.1+3.1) (86;3.2) (91;3.2) (96;3.2) (101;3.2) (106;4.2) (111;4.2) (116;4.2) (121;4.2) (126;4.1+11.1) (131;11.2) (136;11.2) (141;11.1+19.1) (146;19.2) (151;10.2) (156;10.2) (161;10.2) (166;10.2) (171;10.1+8.1) (176;8.2) (181;15.2) (186;15.2) (191;18.2) (196;18.2) (201;18.2) (206;18.1+9.1) (211;9.2) (216;9.2) (221;9.2) (226;9.2) (231;1.2) (236;1.2) (241;6.2) (246;6.2) (251;6.2) (256;6.2) (261;6.1)
(2;7.3) (9;7.2+17.1) (17;1.3) (24;1.3) (32;18.3) (39;18.3) (47;18.1+4.2) (54;4.3) (62;4.3) (69;14.3) (77;14.3) (84;14.1+19.2) (92;19.3) (99;20.2+2.1) (107;2.3) (114;2.1+15.2) (122;15.3) (129;15.2+11.1) (137;16.2+3.1) (144;3.3) (152;3.3) (159;3.2+10.1) (167;10.1+9.2) (174;9.3) (182;9.3) (189;12.2)
