1 // s
3 // m
30 // n

// p, q, a
7 4 0 // M1
5 2 0 // M2
1 6 0 // M3

// M1 M2 M3 M4
5 5 7 // J1
1 9 8 // J2
4 0 3 // J3
9 6 1 // J4
9 7 3 // J5
0 8 8 // J6
9 1 8 // J7
8 5 9 // J8
2 6 1 // J9
5 7 9 // J10
9 7 3 // J11
8 9 8 // J12
2 4 0 // J13
1 9 6 // J14
8 9 3 // J15
9 1 7 // J16
3 6 3 // J17
5 1 8 // J18
7 7 9 // J19
8 9 2 // J20
6 8 2 // J21
3 9 8 // J22
8 1 8 // J23
5 7 4 // J24
7 7 2 // J25
1 9 6 // J26
5 2 5 // J27
3 2 1 // J28
6 3 6 // J29
5 0 2 // J30

(2;13.2+19.2) (9;19.4) (17;19.1+18.3) (24;18.2+24.2) (32;24.3+27.1) (39;27.4) (47;5.4) (54;5.4) (62;5.1+7.3) (69;7.4) (77;7.2+22.2) (84;22.1+30.3) (92;30.2+8.2) (99;8.4) (107;8.2+2.1+29.1) (114;29.4) (122;29.1+21.3) (129;21.3+3.1) (137;3.3+17.1) (144;17.2+25.2) (152;25.4) (159;25.1+11.3) (167;11.4) (174;11.2+15.2) (182;15.4) (189;15.2+4.2) (197;4.4) (204;4.3+26.1) (212;28.3+9.1) (219;9.1+14.1+16.2) (227;16.4) (234;16.3+10.1) (242;10.4) (249;1.4) (257;1.1+23.3) (264;23.4) (272;23.1+20.3) (279;20.4) (287;20.1+12.3) (294;12.4) (302;12.1)
(1;27.2) (6;24.2) (11;24.2) (16;24.2) (21;24.1+20.1) (26;20.2) (31;20.2) (36;20.2) (41;20.2) (46;10.2) (51;10.2) (56;10.2) (61;10.1+14.1) (66;14.2) (71;14.2) (76;14.2) (81;14.2) (86;12.2) (91;12.2) (96;12.2) (101;12.2) (106;12.1+29.1) (111;29.2) (116;25.2) (121;25.2) (126;25.2) (131;25.1+8.1) (136;8.2) (141;8.2) (146;22.2) (151;22.2) (156;22.2) (161;22.2) (166;22.1+1.1) (171;1.2) (176;1.2) (181;6.2) (186;6.2) (191;6.2) (196;6.2) (201;15.2) (206;15.2) (211;15.2) (216;15.2) (221;15.1+19.1) (226;19.2) (231;19.2) (236;19.2) (241;21.2) (246;21.2) (251;21.2) (256;21.2) (261;2.2) (266;2.2) (271;2.2) (276;2.2) (281;2.1+13.1) (286;13.2) (291;13.1+28.1) (296;28.1+17.1) (301;17.2) (306;17.2) (311;17.1+26.1) (316;26.2) (321;26.2) (326;26.2) (331;26.2) (336;7.1+23.1) (341;11.2) (346;11.2) (351;11.2) (356;11.1+16.1) (361;5.2) (366;5.2) (371;5.2) (376;5.1+18.1) (381;9.2) (386;9.2) (391;9.2) (396;4.2) (401;4.2) (406;4.2)
(3;11.3+19.3) (4;19.6) (5;30.2+23.4) (7;23.4+5.2) (8;5.1+25.2+22.3) (10;22.5+3.1) (12;3.2+6.4) (13;6.4+18.2) (14;18.6) (15;20.2+29.4) (18;29.2+15.3+21.1) (19;21.1+4.1+2.4) (20;2.4+16.2) (22;16.5+10.1) (23;10.6) (25;10.2+17.3+14.1) (27;14.5+27.1) (28;27.4+24.2) (29;24.2+8.4) (30;8.5+12.1) (33;12.6) (34;12.1+26.5) (35;26.1+7.5) (37;7.3+9.1+1.2) (38;1.5+28.1)
