1 // s
5 // m
200 // n

// p, q, a
4 2 0 // M1
2 7 0 // M2
1 9 0 // M3
1 2 0 // M4
9 9 0 // M5

// M1 M2 M3 M4 M5 M6
1 5 2 0 5 // J1
2 4 0 2 3 // J2
5 9 4 3 7 // J3
6 6 7 4 5 // J4
9 8 6 1 3 // J5
9 7 2 5 6 // J6
1 6 4 5 7 // J7
6 6 0 0 2 // J8
5 0 1 4 2 // J9
4 6 8 9 4 // J10
2 2 5 4 0 // J11
3 8 0 6 5 // J12
4 1 4 6 2 // J13
9 5 8 5 0 // J14
9 6 7 1 0 // J15
8 6 2 9 9 // J16
3 8 3 1 3 // J17
8 0 9 5 4 // J18
8 5 4 5 7 // J19
3 5 5 1 2 // J20
9 7 3 9 4 // J21
6 5 4 3 1 // J22
7 5 1 6 1 // J23
5 8 3 2 4 // J24
9 5 3 1 2 // J25
3 1 1 3 7 // J26
3 0 1 6 9 // J27
6 5 4 6 7 // J28
2 5 6 3 7 // J29
2 4 7 3 2 // J30
4 1 2 7 3 // J31
4 3 2 6 0 // J32
4 3 0 5 8 // J33
6 4 5 7 5 // J34
9 4 6 5 1 // J35
3 8 0 3 9 // J36
9 3 8 1 3 // J37
1 7 3 2 4 // J38
2 3 7 6 2 // J39
9 4 0 4 0 // J40
8 8 0 7 2 // J41
9 5 7 5 9 // J42
6 3 8 7 0 // J43
1 5 9 2 7 // J44
9 0 2 2 3 // J45
6 7 9 3 2 // J46
8 7 5 3 0 // J47
0 3 0 9 3 // J48
5 0 8 2 8 // J49
9 5 0 5 0 // J50
3 5 8 7 1 // J51
8 6 7 4 5 // J52
2 5 3 3 1 // J53
8 7 5 6 0 // J54
7 5 0 8 1 // J55
9 2 9 4 3 // J56
1 7 4 2 8 // J57
2 9 8 1 2 // J58
4 5 5 3 1 // J59
0 6 4 1 9 // J60
2 9 3 5 3 // J61
8 5 9 5 2 // J62
5 6 3 1 4 // J63
5 1 0 5 8 // J64
9 8 3 3 5 // J65
2 9 6 7 1 // J66
2 8 8 4 1 // J67
1 3 8 9 9 // J68
7 9 3 9 6 // J69
7 1 4 8 5 // J70
9 5 8 3 0 // J71
3 5 0 9 0 // J72
9 8 1 4 9 // J73
7 8 9 9 3 // J74
2 2 1 5 0 // J75
9 4 4 6 8 // J76
0 5 8 1 1 // J77
7 9 4 3 7 // J78
5 2 8 8 0 // J79
8 8 8 9 9 // J80
8 2 4 5 3 // J81
6 4 3 2 1 // J82
8 1 3 1 0 // J83
3 0 9 2 2 // J84
8 3 5 1 7 // J85
9 3 2 5 2 // J86
1 6 4 7 9 // J87
8 0 2 8 5 // J88
2 6 2 2 8 // J89
3 9 7 8 6 // J90
8 8 6 7 0 // J91
5 6 3 8 3 // J92
2 1 7 0 9 // J93
2 7 6 1 2 // J94
3 8 1 6 9 // J95
2 1 3 2 3 // J96
0 6 3 8 3 // J97
3 9 7 6 4 // J98
1 7 4 4 3 // J99
1 8 2 2 6 // J100
6 2 5 6 3 // J101
0 6 9 7 7 // J102
3 3 0 4 3 // J103
5 8 8 6 6 // J104
3 9 9 7 0 // J105
6 3 6 3 8 // J106
4 8 0 6 6 // J107
7 1 6 5 3 // J108
6 0 9 8 0 // J109
7 6 0 0 7 // J110
3 9 6 5 2 // J111
7 2 8 5 7 // J112
6 0 5 9 3 // J113
5 3 3 7 5 // J114
4 1 3 2 0 // J115
3 9 0 6 3 // J116
9 3 5 6 5 // J117
4 2 4 3 9 // J118
4 3 0 8 7 // J119
5 4 0 5 5 // J120
4 2 2 5 2 // J121
1 6 3 5 9 // J122
7 2 1 2 7 // J123
3 4 8 3 9 // J124
2 8 0 7 0 // J125
1 0 5 5 4 // J126
8 8 5 1 9 // J127
6 0 0 4 3 // J128
8 9 9 4 2 // J129
2 2 8 0 4 // J130
1 5 7 5 3 // J131
5 2 4 4 0 // J132
0 0 7 0 0 // J133
8 6 9 2 1 // J134
2 4 4 0 0 // J135
2 8 6 4 8 // J136
9 2 4 1 3 // J137
3 1 9 8 3 // J138
3 5 5 4 2 // J139
7 1 9 3 4 // J140
5 2 5 8 1 // J141
7 1 7 5 0 // J142
6 6 0 6 0 // J143
8 6 6 6 7 // J144
6 7 1 8 7 // J145
6 8 0 7 3 // J146
1 9 2 0 2 // J147
7 7 5 9 6 // J148
1 4 4 8 7 // J149
6 5 9 3 4 // J150
1 5 2 5 8 // J151
8 1 6 1 5 // J152
9 1 9 1 8 // J153
7 3 9 3 3 // J154
1 0 6 0 5 // J155
1 3 2 1 0 // J156
0 8 6 2 1 // J157
6 7 7 2 4 // J158
5 0 4 4 6 // J159
0 4 2 9 0 // J160
3 6 6 9 3 // J161
1 8 1 9 6 // J162
4 8 4 0 4 // J163
1 4 6 0 2 // J164
0 6 7 8 7 // J165
0 5 2 4 4 // J166
7 0 3 1 7 // J167
4 1 7 9 0 // J168
8 5 7 6 9 // J169
7 5 4 9 5 // J170
6 7 2 7 0 // J171
6 8 7 1 2 // J172
5 6 7 4 9 // J173
4 5 3 2 0 // J174
9 6 7 9 4 // J175
4 8 1 9 0 // J176
4 1 2 8 8 // J177
9 8 5 0 1 // J178
5 4 5 6 5 // J179
1 7 2 6 5 // J180
1 2 1 9 6 // J181
9 0 3 3 5 // J182
7 7 7 1 8 // J183
4 3 9 6 9 // J184
5 9 2 1 4 // J185
4 1 0 3 2 // J186
6 5 4 3 8 // J187
2 0 3 1 8 // J188
8 5 2 5 3 // J189
7 6 3 8 1 // J190
8 8 6 6 0 // J191
1 9 9 4 1 // J192
8 0 9 1 8 // J193
1 3 4 2 5 // J194
3 9 7 8 1 // J195
9 7 7 8 7 // J196
8 7 1 2 3 // J197
8 9 7 3 6 // J198
3 0 9 9 0 // J199
7 6 0 6 1 // J200

(1;28.2) (5;28.2) (9;28.2) (13;71.2) (17;71.2) (21;71.2) (25;71.2) (29;71.1+191.1) (33;191.2) (37;191.2) (41;191.2) (45;191.1+95.1) (49;95.2) (53;104.2) (57;104.2) (61;104.1+90.1) (65;90.2) (69;25.2) (73;25.2) (77;25.2) (81;25.2) (85;25.1+96.1) (89;96.1+154.1) (93;154.2) (97;154.2) (101;154.2) (105;74.2) (109;74.2) (113;74.2) (117;74.1+93.1) (121;93.1+53.1) (125;53.1+169.1) (129;169.2) (133;169.2) (137;169.2) (141;169.1+135.1) (145;135.1+58.1) (149;58.1+73.1) (153;73.2) (157;73.2) (161;73.2) (165;73.2) (169;4.2) (173;4.2) (177;4.2) (181;112.2) (185;112.2) (189;112.2) (193;112.1+26.1) (197;26.2) (201;101.2) (205;101.2) (209;101.2) (213;46.2) (217;46.2) (221;46.2) (225;142.2) (229;142.2) (233;142.2) (237;142.1+177.1) (241;177.2) (245;177.1+35.1) (249;35.2) (253;35.2) (257;35.2) (261;35.2) (265;106.2) (269;106.2) (273;106.2) (277;195.2) (281;195.1+51.1) (285;51.2) (289;184.2) (293;184.2) (297;55.2) (301;55.2) (305;55.2) (309;55.1+138.1) (313;138.2) (317;129.2) (321;129.2) (325;129.2) (329;129.2) (333;152.2) (337;152.2) (341;152.2) (345;152.2) (349;164.1+6.1) (353;6.2) (357;6.2) (361;6.2) (365;6.2) (369;124.2) (373;124.1+17.1) (377;17.2) (381;56.2) (385;56.2) (389;56.2) (393;56.2) (397;56.1+63.1) (401;63.2) (405;63.2) (409;99.1+65.1) (413;65.2) (417;65.2) (421;65.2) (425;65.2) (429;49.2) (433;49.2) (437;49.1+146.1) (441;146.2) (445;146.2) (449;146.1+94.1) (453;94.1+15.1) (457;15.2) (461;15.2) (465;15.2) (469;15.2) (473;185.2) (477;185.2) (481;185.1+44.1) (485;100.1+7.1) (489;130.2) (493;42.2) (497;42.2) (501;42.2) (505;42.2) (509;42.1+145.1) (513;145.2) (517;145.2) (521;145.1+98.1) (525;98.2) (529;87.1+27.1) (533;27.2) (537;83.2) (541;83.2) (545;83.2) (549;83.2) (553;134.2) (557;134.2) (561;134.2) (565;134.2) (569;66.2) (573;181.1+200.1) (577;200.2) (581;200.2) (585;200.2) (589;103.2) (593;103.1+151.1) (597;186.2) (601;186.2) (605;107.2) (609;107.2) (613;67.2) (617;64.2) (621;64.2) (625;64.1+137.1) (629;137.2) (633;137.2) (637;137.2) (641;137.2) (645;30.2) (649;12.2) (653;12.1+121.1) (657;121.2) (661;121.1+10.1) (665;10.2) (669;10.1+5.1) (673;5.2) (677;5.2) (681;5.2) (685;5.2) (689;122.1+126.1) (693;179.2) (697;179.2) (701;179.1+161.1) (705;161.2) (709;143.2) (713;143.2) (717;143.2) (721;178.2) (725;178.2) (729;178.2) (733;178.2) (737;178.1+176.1) (741;176.2) (745;176.1+192.1) (749;20.2) (753;20.1+92.1) (757;92.2) (761;92.2) (765;57.1+14.1) (769;14.2) (773;14.2) (777;14.2) (781;14.2) (785;69.2) (789;69.2) (793;69.2) (797;69.1+125.1) (801;125.1+144.1) (805;144.2) (809;144.2) (813;144.2) (817;144.1+29.1) (821;29.1+50.1) (825;50.2) (829;50.2) (833;50.2) (837;50.2) (841;198.2) (845;198.2) (849;198.2) (853;198.2) (857;52.2) (861;52.2) (865;52.2) (869;52.2) (873;162.1+45.1) (877;45.2) (881;45.2) (885;45.2) (889;45.2) (893;78.2) (897;78.2) (901;78.2) (905;78.1+31.1) (909;31.2) (913;31.1+193.1) (917;193.2) (921;193.2) (925;193.2) (929;193.1+62.1) (933;62.2) (937;62.2) (941;62.2) (945;62.1+118.1) (949;118.2) (953;118.1+139.1) (957;139.2) (961;41.2) (965;41.2) (969;41.2) (973;41.2) (977;111.2) (981;111.1+153.1) (985;153.2) (989;153.2) (993;153.2) (997;153.2) (1001;3.2) (1005;3.2) (1009;3.1+116.1) (1013;116.2) (1017;13.2) (1021;13.2) (1025;127.2) (1029;127.2) (1033;127.2) (1037;127.2) (1041;19.2) (1045;19.2) (1049;19.2) (1053;19.2) (1057;182.2) (1061;182.2) (1065;182.2) (1069;182.2) (1073;182.1+180.1) (1077;18.2) (1081;18.2) (1085;18.2) (1089;18.2) (1093;171.2) (1097;171.2) (1101;171.2) (1105;196.2) (1109;196.2) (1113;196.2) (1117;196.2) (1121;196.1+82.1) (1125;82.2) (1129;82.2) (1133;82.1+105.1) (1137;105.2) (1141;114.2) (1145;114.2) (1149;114.1+16.1) (1153;16.2) (1157;16.2) (1161;16.2) (1165;16.1+75.1) (1169;75.1+120.1) (1173;120.2) (1177;120.2) (1181;173.2) (1185;173.2) (1189;173.1+88.1) (1193;88.2) (1197;88.2) (1201;88.2) (1205;88.1+150.1) (1209;150.2) (1213;150.2) (1217;150.1+33.1) (1221;33.2) (1225;33.1+170.1) (1229;170.2) (1233;170.2) (1237;170.2) (1241;70.2) (1245;70.2) (1249;70.2) (1253;70.1+119.1) (1257;119.2) (1261;119.1+123.1) (1265;123.2) (1269;123.2) (1273;123.2) (1277;91.2) (1281;91.2) (1285;91.2) (1289;91.2) (1293;36.2) (1297;36.1+86.1) (1301;86.2) (1305;86.2) (1309;86.2) (1313;86.2) (1317;156.1+168.1) (1321;168.2) (1325;168.1+39.1) (1329;39.1+159.1) (1333;159.2) (1337;159.2) (1341;81.2) (1345;81.2) (1349;81.2) (1353;81.2) (1357;32.2) (1361;32.2) (1365;108.2) (1369;108.2) (1373;108.2) (1377;108.1+115.1) (1381;115.2) (1385;115.1+197.1) (1389;197.2) (1393;197.2) (1397;197.2) (1401;197.1+155.1) (1405;24.2) (1409;24.2) (1413;24.1+194.1) (1417;85.2) (1421;85.2) (1425;85.2) (1429;85.2) (1433;72.2) (1437;72.1+109.1) (1441;109.2) (1445;109.2) (1449;109.1+59.1) (1453;59.2) (1457;59.1+131.1) (1461;117.2) (1465;117.2) (1469;117.2) (1473;117.2) (1477;117.1+141.1) (1481;141.2) (1485;141.2) (1489;174.2) (1493;174.2) (1497;9.2) (1501;9.2) (1505;9.1+1.1) (1509;89.2) (1513;183.2) (1517;183.2) (1521;183.2) (1525;183.1+34.1) (1529;34.2) (1533;34.2) (1537;34.1+47.1) (1541;47.2) (1545;47.2) (1549;47.2) (1553;47.1+167.1) (1557;167.2) (1561;167.2) (1565;167.2) (1569;199.2) (1573;199.1+2.1) (1577;2.1+11.1) (1581;11.1+189.1) (1585;189.2) (1589;189.2) (1593;189.2) (1597;189.1+40.1) (1601;40.2) (1605;40.2) (1609;40.2) (1613;40.2) (1617;140.2) (1621;140.2) (1625;140.2) (1629;140.1+54.1) (1633;54.2) (1637;54.2) (1641;54.2) (1645;54.1+38.1) (1649;158.2) (1653;158.2) (1657;158.2) (1661;43.2) (1665;43.2) (1669;43.2) (1673;84.2) (1677;84.1+8.1) (1681;8.2) (1685;8.2) (1689;8.1+188.1) (1693;188.1+128.1) (1697;128.2) (1701;128.2) (1705;128.1+132.1) (1709;132.2) (1713;132.2) (1717;163.2) (1721;163.2) (1725;21.2) (1729;21.2) (1733;21.2) (1737;21.2) (1741;21.1+172.1) (1745;172.2) (1749;172.2) (1753;172.1+79.1) (1757;79.2) (1761;79.2) (1765;113.2) (1769;113.2) (1773;113.2) (1777;61.2) (1781;80.2) (1785;80.2) (1789;80.2) (1793;80.2) (1797;23.2) (1801;23.2) (1805;23.2) (1809;23.1+148.1) (1813;148.2) (1817;148.2) (1821;148.2) (1825;37.2) (1829;37.2) (1833;37.2) (1837;37.2) (1841;37.1+187.1) (1845;187.2) (1849;187.2) (1853;187.1+149.1) (1857;68.1+190.1) (1861;190.2) (1865;190.2) (1869;190.2) (1873;147.1+136.1) (1877;136.1+110.1) (1881;110.2) (1885;110.2) (1889;110.2) (1893;76.2) (1897;76.2) (1901;76.2) (1905;76.2) (1909;76.1+22.1) (1913;22.2) (1917;22.2) (1921;22.1+175.1) (1925;175.2) (1929;175.2) (1933;175.2) (1937;175.2)
(284;107.7) (288;107.1+86.3+127.3) (294;127.5+116.2) (298;116.7) (303;62.5+158.2) (307;158.5+121.2) (312;81.2+71.5) (316;132.2+135.4+99.1) (322;99.6+58.1) (326;58.7) (331;58.1+15.6) (335;82.4+19.3) (340;19.2+17.5) (344;17.3+129.4) (350;129.5+190.2) (354;190.4+16.3) (359;16.3+147.4) (363;147.5+163.2) (368;163.6+28.1) (372;28.4+3.3) (378;3.6+87.1) (382;87.5+65.2) (387;65.6+11.1) (391;11.1+178.6) (396;178.2+186.1+143.4) (400;143.2+160.4+185.1) (406;185.7) (410;185.1+166.5+194.1) (415;194.2+77.5) (419;35.4+136.3) (424;136.5+140.1+154.1) (428;154.2+195.5) (434;195.4+50.3) (438;50.2+161.5) (443;161.1+192.6) (447;192.3+76.4) (452;162.7) (456;162.1+187.5+183.1) (462;183.6+12.1) (466;12.7) (471;92.6+191.1) (475;191.7) (480;78.7) (484;78.2+144.5) (490;144.1+34.4+184.2) (494;184.1+110.6) (499;38.7) (503;138.1+134.6) (508;189.5+145.2) (512;145.5+14.2) (518;14.3+2.4) (522;36.7) (527;36.1+170.5+164.1) (531;164.3+151.4) (536;151.1+93.1+120.4+72.1) (540;72.4+90.3) (546;90.6+22.1) (550;22.4+5.3) (555;5.5+48.2) (559;48.1+69.6) (564;69.3+43.3+37.1) (568;37.2+122.5) (574;122.1+23.5+165.1) (578;165.5+66.2) (583;66.7) (587;59.5+119.2) (592;119.1+42.5+30.1) (596;30.3+176.4) (602;176.4+57.3) (606;57.4+21.3) (611;21.4+41.3) (615;41.5+4.2) (620;4.4+168.1+97.2) (624;97.4+141.2+32.1) (630;32.2+26.1+79.2+175.2) (634;175.4+153.1+180.2) (639;180.5+25.2) (643;25.3+46.4) (648;46.3+40.4) (652;171.7) (658;118.2+1.5) (662;51.5+74.2) (667;74.6+152.1) (671;114.3+63.4) (676;63.2+197.5) (680;197.2+112.2+55.3) (686;55.2+68.3+29.2) (694;29.3+56.2+148.2) (700;148.5+150.2) (708;150.3+52.4) (716;52.2+173.5) (724;173.1+7.6) (732;123.2+67.5) (739;67.3+181.2+13.1+44.1) (746;44.4+174.3) (752;174.2+96.1+172.4) (760;172.4+196.3) (767;196.4+95.3) (774;95.5+200.2) (780;200.4+146.3) (788;146.5+53.2) (795;53.3+31.1+142.1+70.1+54.1) (802;54.6+33.1) (808;33.2+139.5) (815;108.1+8.6) (823;101.2+6.5) (830;6.2+61.5) (836;61.4+156.3) (843;130.2+80.5) (851;80.3+98.4) (858;98.5+10.2) (864;10.4+89.3) (871;89.3+94.4) (878;94.3+64.1+115.1+104.2) (886;104.6+24.1) (892;24.7) (899;73.7) (906;73.1+102.6) (914;125.7) (920;125.1+47.6) (927;47.1+75.2+111.4) (934;111.5+124.2) (940;124.2+100.5) (948;100.3+105.4) (955;105.5+157.2) (962;157.6+91.1) (968;91.7) (976;177.1+83.1+149.4+198.1) (983;198.7) (990;198.1+85.3+103.3) (996;106.3+137.2+117.2) (1003;117.1+179.4+169.2) (1011;169.3+20.4) (1018;20.1+131.5+60.1) (1024;60.5+39.2) (1031;39.1)
(687;54.5+148.4) (690;148.1+191.6+157.2) (695;157.4+1.2+7.3) (698;7.1+102.8) (703;102.1+193.8) (706;193.1+37.8) (710;105.9) (714;151.2+147.2+38.3+80.2) (718;80.6+5.3) (722;5.3+57.4+131.2) (726;131.5+124.4) (728;124.4+39.5) (734;39.2+53.3+139.4) (736;139.1+93.7+15.1) (740;15.6+89.2+180.1) (743;180.1+81.4+86.2+22.2) (747;22.2+197.1+121.2+113.4) (750;113.1+136.6+166.2) (754;60.4+152.5) (758;152.1+19.4+70.4) (762;74.9) (764;141.5+135.4) (768;114.3+29.6) (771;71.8+198.1) (775;198.6+178.3) (778;178.2+184.7) (782;184.2+196.7) (784;108.6+79.3) (790;79.5+85.4) (792;85.1+153.8) (796;153.1+51.8) (799;165.7+163.2) (803;163.2+158.7) (806;96.3+137.4+91.2) (810;91.4+174.3+127.2) (812;127.3+20.5+27.1) (816;173.7+176.1+164.1) (820;164.5+122.3+169.1) (824;169.6+10.3) (827;10.5+181.1+90.3) (831;90.4+189.2+145.1+161.2) (834;161.4+26.1+44.4) (838;44.5+117.4) (840;117.1+52.7+132.1) (844;132.3+187.4+73.1+129.1) (847;129.8+77.1) (852;77.7+61.2) (855;61.1+104.8) (859;111.6+83.3) (862;45.2+138.7) (866;138.2+24.3+190.3+65.1) (868;65.2+13.4+142.3) (872;142.4+62.5) (875;62.4+76.4+123.1) (879;162.1+75.1+144.6+4.1) (883;4.6+56.3) (887;56.6+160.2+172.1) (890;172.6+47.3) (894;47.2+118.4+25.3) (896;21.3+43.6) (900;43.2+78.4+14.3) (903;14.5+3.4) (907;35.6+46.3) (910;46.6+175.3) (915;175.4+94.5) (918;94.1+115.3+134.5) (922;134.4+42.5) (924;42.2+92.3+133.4) (928;133.3+126.5+58.1) (931;58.7+150.2) (935;150.7+49.2) (938;49.6+82.3) (942;159.4+88.2+100.2+156.1) (946;156.1+18.8) (950;18.1+67.8) (952;155.6+106.3) (956;106.3+188.3+199.3) (959;199.6+28.3) (963;28.1+130.8) (966;23.1+97.3+63.3+182.2) (970;182.1+11.5+177.2+9.1) (972;192.9) (978;16.2+170.4+17.3) (980;194.4+84.5) (984;84.4+171.2+69.3) (987;167.3+68.6) (991;68.2+112.7) (994;112.1+99.4+185.2+34.2) (998;34.3+32.2+6.2+183.2) (1000;183.5+87.4) (1004;30.7+66.2) (1008;66.4+179.5) (1012;98.7+109.2) (1015;109.7+59.2) (1019;59.3+101.5+149.1) (1022;149.3+31.2+95.1+154.3) (1026;154.6+195.3) (1028;195.4+168.5) (1032;168.2+140.7) (1035;140.2)
(3;137.1+153.1) (4;79.2) (6;79.2) (7;79.2) (8;79.2) (10;100.2) (12;119.2) (14;119.2) (15;119.2) (16;119.2) (18;94.1+148.1) (19;148.2) (22;148.2) (23;148.2) (24;148.2) (26;154.2) (27;154.1+120.1) (28;120.2) (31;120.2) (32;192.2) (34;192.2) (35;10.2) (36;10.2) (38;10.2) (40;10.2) (42;10.1+183.1) (43;57.2) (44;124.2) (46;124.1+34.1) (47;34.2) (50;34.2) (51;34.2) (52;185.1+176.1) (54;176.2) (55;176.2) (56;176.2) (59;176.2) (60;87.2) (62;87.2) (63;87.2) (64;87.1+70.1) (66;70.2) (68;70.2) (70;70.2) (71;70.1+108.1) (72;108.2) (74;108.2) (75;64.2) (78;64.2) (79;64.1+41.1) (80;41.2) (82;41.2) (83;41.2) (84;51.2) (87;51.2) (88;51.2) (90;51.1+3.1) (91;3.2) (92;67.2) (94;67.2) (96;48.2) (98;48.2) (99;48.2) (100;48.2) (102;48.1+123.1) (103;123.1+90.1) (106;90.2) (107;90.2) (108;90.2) (110;90.1+197.1) (111;197.1+73.1) (112;73.2) (115;73.1+161.1) (116;161.2) (118;161.2) (119;161.2) (120;161.2) (122;17.1+23.1) (124;23.2) (126;23.2) (127;23.1+11.1) (128;11.2) (130;11.1+138.1) (131;138.2) (134;138.2) (135;138.2) (136;138.1+166.1) (138;166.2) (139;166.1+165.1) (140;165.2) (143;165.2) (144;165.2) (146;165.1+59.1) (147;59.2) (148;31.2) (150;31.2) (152;31.2) (154;31.1+143.1) (155;143.2) (156;143.2) (158;143.1+195.1) (159;195.2) (162;195.2) (163;195.2) (164;195.1+16.1) (166;16.2) (167;16.2) (168;16.2) (171;16.2) (172;5.1+35.1) (174;35.2) (175;35.2) (176;43.2) (178;43.2) (180;43.2) (182;43.1+19.1) (183;19.2) (184;19.2) (186;33.2) (187;33.2) (190;33.1+149.1) (191;149.2) (192;149.2) (194;149.2) (195;149.1+97.1) (196;97.2) (199;97.2) (200;97.2) (202;97.1+134.1) (203;134.1+125.1) (204;125.2) (206;125.2) (208;125.2) (210;37.1+126.1) (211;126.2) (212;126.2) (214;146.2) (215;146.2) (218;146.2) (219;146.1+82.1) (220;82.1+117.1) (222;117.2) (223;117.2) (224;117.1+191.1) (227;191.2) (228;191.2) (230;191.1+170.1) (231;170.2) (232;170.2) (234;170.2) (236;170.2) (238;111.2) (239;111.2) (240;111.1+140.1) (242;140.2) (243;60.1+54.1) (246;54.2) (247;54.2) (248;54.1+152.1) (250;39.2) (251;39.2) (252;39.2) (255;78.2) (256;78.1+177.1) (258;177.2) (259;177.2) (260;177.2) (262;177.1+65.1) (264;65.2) (266;145.2) (267;145.2) (268;145.2) (270;145.2) (271;32.2) (274;32.2) (275;32.2) (276;158.2) (278;9.2) (279;9.2) (280;173.2) (283;173.2) (286;72.2) (287;72.2) (290;72.2) (292;72.2) (295;72.1+15.1) (296;14.2) (299;14.2) (302;14.1+88.1) (304;88.2) (306;88.2) (308;88.2) (311;88.1+83.1) (314;175.2) (315;175.2) (318;175.2) (320;175.2) (323;175.1+53.1) (324;53.2) (327;172.1+66.1) (330;66.2) (332;66.2) (334;66.2) (336;118.2) (339;118.1+141.1) (342;141.2) (343;141.2) (346;141.2) (348;141.1+113.1) (351;113.2) (352;113.2) (355;113.2) (358;113.2) (360;58.1+85.1) (362;129.2) (364;129.2) (367;188.1+114.1) (370;114.2) (371;114.2) (374;114.2) (376;157.2) (379;29.2) (380;29.1+104.1) (383;104.2) (386;104.2) (388;104.1+47.1) (390;47.2) (392;190.2) (395;190.2) (398;190.2) (399;190.2) (402;194.2) (404;69.2) (407;69.2) (408;69.2) (411;69.2) (414;69.1+56.1) (416;56.2) (418;56.1+89.1) (420;89.1+22.1) (423;22.2) (426;40.2) (427;40.2) (430;179.2) (432;179.2) (435;179.2) (436;101.2) (439;101.2) (442;101.2) (444;80.2) (446;80.2) (448;80.2) (451;80.2) (454;80.1+115.1) (455;115.1+18.1) (458;18.2) (460;18.2) (463;121.2) (464;121.2) (467;121.1+103.1) (470;103.2) (472;103.1+199.1) (474;199.2) (476;199.2) (479;199.2) (482;199.2) (483;160.2) (486;160.2) (488;160.2) (491;160.2) (492;160.1+122.1) (495;122.2) (498;122.2) (500;77.1+196.1) (502;196.2) (504;196.2) (507;196.2) (510;196.1+49.1) (511;49.1+182.1) (514;182.2) (516;63.1+24.1) (519;24.1+107.1) (520;107.2) (523;107.2) (526;107.1+81.1) (528;81.2) (530;81.2) (532;26.2) (535;26.1+187.1) (538;187.2) (539;105.2) (542;105.2) (544;105.2) (547;105.1+13.1) (548;13.2) (551;13.2) (554;13.1+174.1) (556;174.1+55.1) (558;55.2) (560;55.2) (563;55.2) (566;55.1+61.1) (567;61.2) (570;61.2) (572;128.2) (575;128.2) (576;76.2) (579;76.2) (582;76.2) (584;12.2) (586;12.2) (588;12.2) (591;132.2) (594;132.2) (595;30.2) (598;30.1+84.1) (600;84.1+139.1) (603;139.2) (604;139.1+180.1) (607;180.2) (610;180.2) (612;180.1+142.1) (614;142.2) (616;142.2) (619;150.2) (622;150.1+151.1) (623;151.2) (626;151.2) (628;159.2) (631;159.2) (632;171.2) (635;171.2) (638;171.2) (640;171.1+168.1) (642;168.2) (644;168.2) (647;168.2) (650;168.2) (651;112.2) (654;112.2) (656;112.1+92.1) (659;92.2) (660;92.2) (663;92.2) (666;92.1+96.1) (668;96.1+28.1) (670;28.2) (672;28.2) (675;28.1+20.1) (678;200.2) (679;200.2) (682;200.2) (684;44.2) (688;127.1+186.1) (691;186.2) (696;106.2) (699;106.1+7.1) (704;7.2) (707;7.2) (712;184.2) (715;184.2) (719;184.2) (723;198.2) (727;198.1+86.1) (731;86.2) (735;86.2) (738;74.2) (742;74.2) (744;74.2) (748;74.2) (751;74.1+25.1) (755;193.1+71.1) (759;71.2) (763;162.2) (766;162.2) (770;162.2) (772;162.2) (776;162.1+181.1) (779;181.2) (783;181.2) (786;181.2) (791;181.2) (794;50.2) (798;50.2) (800;50.1+52.1) (804;52.2) (807;52.1+144.1) (811;144.2) (814;144.2) (818;144.1+2.1) (822;2.1+156.1) (826;91.2) (828;91.2) (832;91.2) (835;91.1+109.1) (839;109.2) (842;109.2) (846;109.2) (848;109.1+136.1) (854;136.2) (856;136.1+98.1) (860;98.2) (863;98.2) (867;98.1+27.1) (870;27.2) (874;27.2) (876;27.1+21.1) (880;21.2) (884;21.2) (888;21.2) (891;21.2) (895;6.2) (898;6.2) (902;6.1+75.1) (904;75.2) (908;75.2) (911;99.2) (916;99.2) (919;131.2) (923;131.2) (926;131.1+36.1) (930;36.2) (932;169.2) (936;169.2) (939;169.2) (943;95.2) (947;95.2) (951;95.2) (954;42.2) (958;42.2) (960;42.1+62.1) (964;62.2) (967;62.2) (971;167.1+116.1) (974;116.2) (979;116.2) (982;116.1+189.1) (986;189.2) (988;189.2) (992;68.2) (995;68.2) (999;68.2) (1002;68.2) (1006;68.1+45.1) (1010;45.1+102.1) (1014;102.2) (1016;102.2) (1020;102.2) (1023;38.2) (1027;4.2) (1030;4.2) (1034;46.2) (1036;46.1)
(2;120.5+70.4) (11;70.1+86.2+21.4+145.2) (20;145.5+104.4) (30;104.2+157.1+52.5+167.1) (39;167.6+184.3) (48;184.6+101.3) (58;63.4+97.3+64.2) (67;64.6+136.3) (76;136.5+198.4) (86;198.2+144.7) (95;182.5+107.4) (104;107.2+151.7) (114;151.1+113.3+56.3+96.2) (123;96.1+57.8) (132;42.9) (142;76.8+169.1) (151;169.8+49.1) (160;49.7+16.2) (170;16.7+188.2) (179;188.6+158.3) (188;158.1+185.4+67.1+85.3) (198;85.4+30.2+154.3) (207;128.3+37.3+114.3) (216;114.2+25.2+179.5) (226;138.3+24.4+200.1+7.1) (235;7.6+80.3) (244;80.6+141.1+9.2) (254;35.1+152.5+93.3) (263;93.6+165.3) (272;165.4+98.4+38.1) (282;38.3+148.6) (291;65.5+123.4) (300;123.3+192.1+23.1+146.3+12.1) (310;12.4+58.2+163.3) (319;163.1+5.3+55.1+140.4) (328;103.3+180.5+139.1) (338;139.1+28.7+194.1) (347;194.4+124.5) (356;124.4+127.5) (366;127.4+4.5) (375;183.8+162.1) (384;162.5+33.4) (394;33.4+84.2+82.1+61.2) (403;61.1+20.2+17.3+106.3) (412;106.5+197.3+36.1) (422;36.8+181.1) (431;181.5+78.4) (440;78.3+119.6) (450;119.1+89.8) (459;129.2+41.2+92.3+2.2) (468;2.1+39.2+149.6) (478;149.1+111.2+51.1+74.3+68.2) (487;68.7+22.1+66.1) (496;34.5+81.3+102.1) (506;102.6+3.3) (515;3.4+121.2+110.3) (524;110.4+13.2+178.1+166.2) (534;166.2+186.2+8.2+150.3) (543;150.1+19.7+117.1) (552;117.4+27.5) (562;27.4+46.2+153.3) (571;153.5+45.3+112.1) (580;112.6+62.2+164.1) (590;164.1+122.8) (599;122.1+10.4+175.4) (608;116.3+170.5+177.1) (618;177.7+195.1+88.1) (627;88.4+147.2+95.3) (636;95.6+26.3) (646;26.4+159.5) (655;159.1+196.7+189.1) (664;189.2+100.6+173.1) (674;173.8+130.1) (683;130.3+48.3+59.1+108.2) (692;108.1+99.3+126.4+1.1) (702;1.4+69.5) (711;69.1+53.1+60.7) (720;60.2+31.3+6.4) (730;6.2+137.3+187.4) (756;187.4+87.5) (787;87.4+44.5) (819;44.2+193.7) (850;193.1+190.1+73.7) (882;73.2+118.7) (912;118.2+131.3+161.3+94.1) (944;94.1+77.1+134.1+90.6) (975;18.4+29.5) (1007;29.2+155.5+172.2)
