1 // s
5 // m
30 // n

// p, q, a
3 4 0 // M1
4 9 0 // M2
9 3 0 // M3
8 3 0 // M4
6 6 0 // M5

// M1 M2 M3 M4 M5 M6
5 7 2 4 2 // J1
1 9 5 7 4 // J2
7 9 9 5 9 // J3
7 4 3 3 1 // J4
2 2 7 0 3 // J5
1 5 9 6 5 // J6
5 9 4 3 8 // J7
7 7 2 0 5 // J8
0 7 5 4 7 // J9
2 3 7 9 1 // J10
7 4 8 4 3 // J11
2 9 2 0 0 // J12
6 0 9 2 8 // J13
8 5 6 6 1 // J14
0 1 3 8 1 // J15
5 7 3 2 0 // J16
8 7 9 5 8 // J17
0 1 9 0 6 // J18
7 5 1 9 9 // J19
9 7 3 5 9 // J20
7 7 0 7 1 // J21
5 1 0 2 7 // J22
4 6 9 0 2 // J23
8 1 3 4 8 // J24
7 5 6 0 4 // J25
4 0 3 8 2 // J26
7 4 7 3 3 // J27
0 6 2 3 2 // J28
8 0 6 2 1 // J29
1 5 1 7 0 // J30

(4;6.1+16.3) (7;16.2+24.2) (12;24.4) (16;24.2+22.2) (22;22.3+25.1) (25;25.4) (30;25.2+20.2) (34;20.4) (40;20.3+1.1) (43;1.4) (48;21.4) (52;21.3+27.1) (57;27.4) (60;27.2+7.2) (63;7.3+12.1) (67;12.1+3.3) (70;3.4) (75;4.4) (78;4.3+17.1) (81;17.4) (84;17.3+5.1) (87;5.1+26.3) (90;26.1+10.2+30.1) (94;13.4) (97;13.2+11.2) (102;11.4) (105;11.1+29.3) (108;29.4) (111;29.1+19.3) (114;19.4) (117;14.4) (121;14.4) (124;23.4) (129;2.1+8.3) (132;8.4)
(5;14.5+5.2+7.2) (13;7.7+15.1+28.1) (17;28.5+17.4) (23;17.3+1.6) (31;1.1+3.8) (35;3.1+12.8) (41;12.1+19.5+21.3) (49;21.4+10.3+18.1+8.1) (53;8.6+20.3) (59;20.4+30.5) (68;23.6+24.1+4.2) (76;4.2+27.4+9.3) (80;9.4+11.4+6.1) (86;6.4+22.1+2.4) (95;2.5+25.4) (103;25.1+16.7)
(1;4.3) (10;25.3) (19;25.3) (28;6.3) (37;6.3) (46;6.3) (55;23.3) (64;23.3) (73;23.3) (82;10.3) (91;10.3) (100;10.1+15.2) (109;15.1+7.2) (118;7.2+2.1) (127;2.3) (136;2.1+3.2) (145;3.3) (154;3.3) (163;3.1+26.2) (172;26.1+29.2) (181;29.3) (190;29.1+9.2) (199;9.3) (208;13.3) (217;13.3) (226;13.3) (235;30.1+24.2) (244;24.1+20.2) (253;20.1+16.2) (262;16.1+1.2) (271;28.2+17.1) (280;17.3) (289;17.3) (298;17.2+19.1) (307;12.2+18.1) (316;18.3) (325;18.3) (334;18.2+8.1) (343;8.1+11.2) (352;11.3) (361;11.3) (370;14.3) (379;14.3) (388;5.3) (397;5.3) (406;5.1+27.2) (415;27.3) (424;27.2)
(2;27.3) (11;24.3) (20;24.1+9.2) (29;9.2+28.1) (38;28.2+21.1) (47;21.3) (56;21.3) (65;4.3) (74;20.3) (83;20.2+15.1) (92;15.3) (101;15.3) (110;15.1+3.2) (119;3.3) (128;2.3) (137;2.3) (146;2.1+1.2) (155;1.2+16.1) (164;16.1+22.2) (173;26.3) (182;26.3) (191;26.2+30.1) (200;30.3) (209;30.3) (218;10.3) (227;10.3) (236;10.3) (245;7.3) (254;11.3) (263;11.1+14.2) (272;14.3) (281;14.1+19.2) (290;19.3) (299;19.3) (308;19.1+29.2) (317;17.3) (326;17.2+13.1) (335;13.1+6.2) (344;6.3) (353;6.1)
(3;28.2+24.4) (9;24.4+2.2) (15;2.2+11.3+20.1) (21;20.6) (27;20.2+14.1+8.3) (33;8.2+9.4) (39;9.3+3.3) (45;3.6) (51;26.2+10.1+7.3) (58;7.5+15.1) (66;13.6) (72;13.2+4.1+29.1+5.2) (79;5.1+19.5) (85;19.4+22.2) (93;22.5+17.1) (99;17.6) (106;17.1+23.2+18.3) (112;18.3+1.2+21.1) (120;25.4+27.2) (126;27.1+6.5)
