1 // s
4 // m
100 // n

// p, q, a
5 2 0 // M1
6 9 0 // M2
5 7 0 // M3
7 4 0 // M4

// M1 M2 M3 M4 M5
6 8 7 5 // J1
9 2 7 4 // J2
3 4 9 0 // J3
2 9 8 4 // J4
7 1 2 5 // J5
5 9 9 4 // J6
1 0 2 8 // J7
8 7 8 4 // J8
2 4 8 1 // J9
1 4 1 1 // J10
1 4 9 2 // J11
8 9 7 6 // J12
2 2 1 2 // J13
4 1 7 7 // J14
8 3 3 9 // J15
9 8 5 6 // J16
5 5 8 8 // J17
0 6 3 2 // J18
0 1 3 1 // J19
9 6 6 1 // J20
2 6 6 6 // J21
5 5 9 0 // J22
7 1 2 8 // J23
0 1 1 2 // J24
9 3 6 3 // J25
1 9 5 5 // J26
8 9 2 3 // J27
8 6 7 2 // J28
6 2 7 2 // J29
2 8 0 0 // J30
5 7 0 9 // J31
4 5 1 9 // J32
9 1 1 5 // J33
9 3 0 2 // J34
0 0 7 6 // J35
2 5 2 1 // J36
3 0 1 8 // J37
4 8 9 0 // J38
2 6 7 3 // J39
9 6 1 3 // J40
7 3 4 6 // J41
4 1 2 3 // J42
1 4 2 2 // J43
0 4 8 9 // J44
5 9 5 3 // J45
3 3 4 0 // J46
1 1 3 3 // J47
5 6 3 4 // J48
8 3 9 9 // J49
1 5 6 1 // J50
8 7 6 9 // J51
6 7 9 8 // J52
8 7 8 9 // J53
0 8 0 4 // J54
8 4 5 3 // J55
8 9 7 5 // J56
1 7 3 6 // J57
5 9 8 9 // J58
2 4 5 6 // J59
6 4 3 3 // J60
1 4 5 7 // J61
7 3 3 0 // J62
3 4 0 7 // J63
0 3 2 8 // J64
9 1 8 8 // J65
4 2 2 9 // J66
9 9 7 6 // J67
3 4 8 3 // J68
0 1 2 3 // J69
3 9 8 7 // J70
4 2 3 0 // J71
8 0 9 8 // J72
1 6 6 4 // J73
6 4 9 8 // J74
2 6 8 8 // J75
6 7 7 9 // J76
6 6 6 8 // J77
1 9 5 9 // J78
3 1 4 1 // J79
9 1 0 9 // J80
9 8 5 6 // J81
7 3 7 5 // J82
2 4 1 7 // J83
1 9 1 7 // J84
5 3 3 2 // J85
3 0 7 2 // J86
1 6 1 5 // J87
0 7 8 0 // J88
5 9 8 7 // J89
1 0 1 3 // J90
9 1 6 7 // J91
7 7 8 3 // J92
0 7 6 6 // J93
8 8 5 9 // J94
1 3 5 1 // J95
1 2 5 4 // J96
5 1 1 2 // J97
0 3 5 4 // J98
1 0 3 2 // J99
3 9 4 3 // J100

(1;78.1+11.1) (6;66.2) (11;66.2) (16;83.2) (21;77.2) (26;77.2) (31;77.2) (36;29.2) (41;29.2) (46;29.2) (51;94.2) (56;94.2) (61;94.2) (66;94.2) (71;28.2) (76;28.2) (81;28.2) (86;28.2) (91;60.2) (96;60.2) (101;60.2) (106;74.2) (111;74.2) (116;74.2) (121;59.2) (126;79.2) (131;79.1+14.1) (136;14.2) (141;14.1+85.1) (146;85.2) (151;85.2) (156;26.1+82.1) (161;82.2) (166;82.2) (171;82.2) (176;7.1+20.1) (181;20.2) (186;20.2) (191;20.2) (196;20.2) (201;40.2) (206;40.2) (211;40.2) (216;40.2) (221;40.1+8.1) (226;8.2) (231;8.2) (236;8.2) (241;8.1+51.1) (246;51.2) (251;51.2) (256;51.2) (261;51.1+56.1) (266;56.2) (271;56.2) (276;56.2) (281;56.1+17.1) (286;17.2) (291;17.2) (296;22.2) (301;22.2) (306;22.1+15.1) (311;15.2) (316;15.2) (321;15.2) (326;15.1+5.1) (331;5.2) (336;5.2) (341;5.2) (346;16.2) (351;16.2) (356;16.2) (361;16.2) (366;16.1+21.1) (371;21.1+67.1) (376;67.2) (381;67.2) (386;67.2) (391;67.2) (396;84.1+45.1) (401;45.2) (406;45.2) (411;58.2) (416;58.2) (421;58.1+53.1) (426;53.2) (431;53.2) (436;53.2) (441;53.1+42.1) (446;42.2) (451;42.1+41.1) (456;41.2) (461;41.2) (466;41.2) (471;4.2) (476;36.2) (481;46.2) (486;46.1+38.1) (491;38.2) (496;38.1+99.1) (501;65.2) (506;65.2) (511;65.2) (516;65.2) (521;65.1+71.1) (526;71.2) (531;71.1+100.1) (536;100.2) (541;32.2) (546;32.2) (551;27.2) (556;27.2) (561;27.2) (566;27.2) (571;80.2) (576;80.2) (581;80.2) (586;80.2) (591;80.1+33.1) (596;33.2) (601;33.2) (606;33.2) (611;33.2) (616;39.2) (621;50.1+13.1) (626;13.1+87.1) (631;47.1+73.1) (636;37.2) (641;37.1+89.1) (646;89.2) (651;89.2) (656;23.2) (661;23.2) (666;23.2) (671;23.1+86.1) (676;86.2) (681;97.2) (686;97.2) (691;97.1+6.1) (696;6.2) (701;6.2) (706;70.2) (711;70.1+91.1) (716;91.2) (721;91.2) (726;91.2) (731;91.2) (736;3.2) (741;3.1+61.1) (746;68.2) (751;68.1+34.1) (756;34.2) (761;34.2) (766;34.2) (771;34.2) (776;12.2) (781;12.2) (786;12.2) (791;12.2) (796;92.2) (801;92.2) (806;92.2) (811;92.1+57.1) (816;90.1+52.1) (821;52.2) (826;52.2) (831;52.1+72.1) (836;72.2) (841;72.2) (846;72.2) (851;72.1+1.1) (856;1.2) (861;1.2) (866;1.1+10.1) (871;75.2) (876;30.2) (881;49.2) (886;49.2) (891;49.2) (896;49.2) (901;43.1+25.1) (906;25.2) (911;25.2) (916;25.2) (921;25.2) (926;63.2) (931;63.1+55.1) (936;55.2) (941;55.2) (946;55.2) (951;55.1+76.1) (956;76.2) (961;76.2) (966;76.1+48.1) (971;48.2) (976;48.2) (981;96.1+2.1) (986;2.2) (991;2.2) (996;2.2) (1001;2.2) (1006;62.2) (1011;62.2) (1016;62.2) (1021;62.1+81.1) (1026;81.2) (1031;81.2) (1036;81.2) (1041;81.2) (1046;95.1+9.1) (1051;9.1+31.1) (1056;31.2) (1061;31.2)
(4;44.4+48.5) (10;48.1+84.8) (19;84.1+32.5+29.2+18.1) (25;18.5+54.4) (34;54.4+83.4+92.1) (40;92.6+85.3) (49;66.2+68.4+81.3) (55;81.5+49.3+41.1) (64;41.2+14.1+67.6) (70;67.3+82.3+79.1+87.2) (79;87.4+26.5) (85;26.4+9.4+80.1) (94;19.1+93.7+64.1) (100;64.2+10.4+12.3) (109;12.6+16.3) (115;16.5+76.4) (124;76.3+39.6) (130;96.2+95.3+63.4) (139;27.9) (145;94.8+23.1) (154;6.9) (160;77.6+5.1+59.2) (168;59.2+55.4+24.1+8.2) (177;8.5+100.4) (183;100.5+71.2+42.1+62.1) (190;62.2+57.7) (198;75.6+21.3) (205;21.3+73.6) (214;51.7+70.2) (220;70.7+17.2) (228;17.3+46.3+28.3) (235;28.3+31.6) (243;31.1+15.3+1.5) (252;1.3+88.6) (258;88.1+22.5+40.3) (265;40.3+58.6) (273;58.3+4.6) (280;4.3+43.4+45.2) (289;45.7+98.2) (295;98.1+50.5+30.3) (303;30.5+3.4) (310;20.6+74.3) (318;74.1+34.3+38.5) (327;38.3+69.1+61.4+52.1) (333;52.6+91.1+36.2) (340;36.3+33.1+13.2+25.3) (348;53.7+47.1+60.1) (355;60.3+65.1+89.5) (364;89.4+97.1+78.4) (370;78.5+56.4) (378;56.5+11.4) (385;2.2)
(3;72.7) (8;72.2+5.2+55.3) (13;55.2+25.5) (18;25.1+48.3+22.3) (23;22.6+10.1) (28;84.1+44.6) (33;44.2+56.5) (38;56.2+3.5) (43;3.4+87.1+85.2) (48;85.1+57.3+35.3) (53;35.4+97.1+81.2) (58;81.3+7.2+78.2) (63;78.3+64.2+89.2) (68;89.6+50.1) (73;50.5+82.2) (78;82.5+60.2) (83;60.1+98.5+59.1) (88;59.4+40.1+52.2) (93;52.7) (98;27.2+100.4+24.1) (103;69.2+94.5) (108;70.7) (113;70.1+86.6) (118;86.1+47.3+74.3) (123;74.6+79.1) (128;79.3+37.1+92.3) (133;92.5+42.2) (138;88.7) (143;88.1+6.6) (148;6.3+71.3+29.1) (153;29.6+32.1) (158;9.7) (163;9.1+12.6) (169;12.1+38.6) (175;38.3+39.4) (180;39.3+65.4) (185;65.4+18.3) (192;83.1+14.6) (199;14.1+99.3+90.1+16.2) (207;16.3+66.2+49.2) (213;49.7) (218;11.7) (223;11.2+13.1+96.4) (229;96.1+33.1+51.5) (237;51.1+53.6) (244;53.2+21.5) (250;21.1+95.5+41.1) (255;41.3+46.4) (260;58.7) (267;58.1+20.6) (274;36.2+17.5) (282;17.3+73.4) (288;73.2+1.5) (293;1.2+93.5) (298;93.1+76.6) (304;76.1+45.5+15.1) (312;15.2+26.5) (319;61.5+28.2) (325;28.5+62.2) (330;62.1+91.6) (335;19.3+77.4) (342;77.2+2.5) (349;2.2+75.5) (357;75.3+23.2+68.2) (363;68.6+4.1) (368;4.7) (373;43.2+8.5) (379;8.3+67.4) (387;67.3)
(2;14.4) (9;14.3+89.1) (17;89.4) (24;89.2+54.2) (32;54.2+95.1+20.1) (39;36.1+84.3) (47;84.4) (54;69.3+34.1) (62;34.1+29.2+6.1) (69;6.3+9.1) (77;53.4) (84;53.4) (92;53.1+1.3) (99;1.2+100.2) (107;100.1+81.3) (114;81.3+31.1) (122;31.4) (129;31.4) (137;51.4) (144;51.4) (152;51.1+90.3) (159;65.4) (167;65.4) (174;70.4) (182;70.3+32.1) (189;32.4) (197;32.4) (204;7.4) (212;7.4) (219;98.4) (227;91.4) (234;91.3+21.1) (242;21.4) (249;21.1+4.3) (257;4.1+13.2+56.1) (264;56.4) (272;47.3+16.1) (279;16.4) (287;16.1+17.3) (294;17.4) (302;17.1+67.3) (309;67.3+99.1) (317;99.1+76.3) (324;76.4) (332;76.2+94.2) (339;94.4) (347;94.3+58.1) (354;58.4) (362;58.4) (369;60.3+78.1) (377;78.4) (384;78.4) (392;5.4) (399;5.1+2.3) (407;2.1+93.3) (414;93.3+45.1) (422;45.2+68.2) (429;68.1+49.3) (437;49.4) (444;49.2+33.2) (452;33.3+11.1) (459;11.1+44.3) (467;44.4) (474;44.2+79.1+35.1) (482;35.4) (489;35.1+15.3) (497;15.4) (504;15.2+39.2) (512;39.1+66.3) (519;66.4) (527;66.2+61.2) (534;61.4) (542;61.1+92.3) (549;41.4) (557;41.2+80.2) (564;80.4) (572;80.3+26.1) (579;26.4) (587;64.4) (594;64.4) (602;10.1+96.3) (609;96.1+28.2+37.1) (617;37.4) (624;37.3+18.1) (632;18.1+50.1+63.2) (639;63.4) (647;63.1+40.3) (654;23.4) (662;23.4) (669;83.4) (677;83.3+42.1) (684;42.2+43.2) (692;85.2+48.2) (699;48.2+25.2) (707;25.1+24.2+73.1) (714;73.3+52.1) (722;52.4) (729;52.3+8.1) (737;8.3+97.1) (744;97.1+27.3) (752;74.4) (759;74.4) (767;12.4) (774;12.2+19.1+82.1) (782;82.4) (789;77.4) (797;77.4) (804;75.4) (812;75.4) (819;87.4) (827;87.1+57.3) (834;57.3+72.1) (842;72.4) (849;72.3+55.1) (857;55.2+59.2) (864;59.4) (872;86.2)
