1 // s
5 // m
20 // n

// p, q, a
8 2 0 // M1
6 6 0 // M2
3 6 0 // M3
6 4 0 // M4
6 4 0 // M5

// M1 M2 M3 M4 M5 M6
7 0 2 8 0 // J1
2 1 6 9 4 // J2
5 0 5 3 4 // J3
5 8 6 7 2 // J4
7 7 0 1 8 // J5
6 5 0 6 8 // J6
1 5 0 2 3 // J7
8 0 4 7 9 // J8
7 5 0 5 6 // J9
7 4 2 0 7 // J10
7 9 6 3 5 // J11
0 9 0 0 4 // J12
7 0 0 0 3 // J13
9 9 2 9 6 // J14
4 3 8 7 4 // J15
1 6 4 5 0 // J16
1 2 0 8 1 // J17
1 9 7 7 2 // J18
8 9 3 3 2 // J19
7 5 9 2 6 // J20

(1;8.2) (9;8.2) (17;8.2) (25;8.2) (33;20.2) (41;20.2) (49;20.2) (57;20.1+7.1) (65;11.2) (73;11.2) (81;11.2) (89;11.1+16.1) (97;1.2) (105;1.2) (113;1.2) (121;1.1+5.1) (129;5.2) (137;5.2) (145;5.2) (153;4.2) (161;4.2) (169;4.1+15.1) (177;15.2) (185;15.1+19.1) (193;19.2) (201;19.2) (209;19.2) (217;19.1+13.1) (225;13.2) (233;13.2) (241;13.2) (249;2.2) (257;18.1+6.1) (265;6.2) (273;6.2) (281;6.1+14.1) (289;14.2) (297;14.2) (305;14.2) (313;14.2) (321;3.2) (329;3.2) (337;3.1+10.1) (345;10.2) (353;10.2) (361;10.2) (369;17.1+9.1) (377;9.2) (385;9.2) (393;9.2)
(4;11.6) (11;11.3+7.3) (18;7.2+14.4) (24;14.5+2.1) (30;5.6) (36;5.1+19.5) (42;19.4+6.2) (48;6.3+16.3) (54;16.3+18.3) (60;18.6) (66;4.6) (72;4.2+17.2+20.2) (78;20.3+10.3) (84;10.1+15.3+9.2) (90;9.3+12.3) (96;12.6)
(5;16.4+20.2) (12;20.6) (15;20.1+11.5) (19;11.1+1.2+4.3) (23;4.3+15.3) (27;15.5+18.1) (31;18.6) (35;14.2+3.4) (39;3.1+2.5) (43;2.1+8.4+19.1) (47;19.2+10.2)
(2;7.2+11.2) (8;11.1+17.3) (14;17.4) (20;17.1+15.3) (26;15.4) (32;5.1+20.2+6.1) (38;6.4) (44;6.1+4.3) (50;4.4) (56;16.4) (62;16.1+2.3) (68;2.4) (74;2.2+1.2) (80;1.4) (86;1.2+18.2) (92;18.4) (98;18.1+14.3) (104;14.4) (110;14.2+8.2) (116;8.4) (122;8.1+3.3) (128;9.4) (134;9.1+19.3)
(3;7.3+8.1) (10;8.4) (16;8.4) (22;18.2+14.2) (28;14.4) (34;11.4) (40;11.1+15.3) (46;15.1+20.3) (52;20.3+4.1) (58;4.1+2.3) (64;2.1+13.3) (70;3.4) (76;9.4) (82;9.2+17.1+6.1) (88;6.4) (94;6.3+5.1) (100;5.4) (106;5.3+19.1) (112;19.1+10.3) (118;10.4) (124;12.4)
