1 // s
3 // m
50 // n

// p, q, a
8 2 0 // M1
9 4 0 // M2
8 3 0 // M3

// M1 M2 M3 M4
4 2 3 // J1
3 4 5 // J2
5 9 3 // J3
2 1 7 // J4
1 5 5 // J5
1 3 1 // J6
0 0 6 // J7
9 8 3 // J8
3 3 7 // J9
3 9 7 // J10
5 9 4 // J11
5 8 4 // J12
9 1 4 // J13
5 6 8 // J14
2 7 2 // J15
4 6 5 // J16
7 7 6 // J17
7 3 8 // J18
5 5 4 // J19
0 9 1 // J20
7 2 0 // J21
6 7 1 // J22
2 6 6 // J23
0 1 1 // J24
7 4 3 // J25
7 6 1 // J26
1 8 6 // J27
1 5 2 // J28
1 7 6 // J29
6 9 3 // J30
0 9 1 // J31
2 7 4 // J32
8 6 9 // J33
0 1 9 // J34
9 7 5 // J35
4 0 8 // J36
4 8 8 // J37
2 9 1 // J38
4 6 7 // J39
8 4 0 // J40
4 5 6 // J41
3 0 2 // J42
0 4 6 // J43
9 8 0 // J44
1 0 7 // J45
7 2 7 // J46
6 6 6 // J47
7 1 1 // J48
4 7 9 // J49
0 7 1 // J50

(1;3.2) (9;3.2) (17;3.1+40.1) (25;40.2) (33;40.2) (41;40.2) (49;40.1+4.1) (57;4.1+13.1) (65;13.2) (73;13.2) (81;13.2) (89;13.2) (97;9.2) (105;9.1+30.1) (113;30.2) (121;30.2) (129;30.1+23.1) (137;23.1+47.1) (145;47.2) (153;47.2) (161;47.1+46.1) (169;46.2) (177;46.2) (185;46.2) (193;25.2) (201;25.2) (209;25.2) (217;25.1+11.1) (225;11.2) (233;11.2) (241;6.1+12.1) (249;12.2) (257;12.2) (265;38.2) (273;22.2) (281;22.2) (289;22.2) (297;15.2) (305;27.1+1.1) (313;1.2) (321;1.1+42.1) (329;42.2) (337;18.2) (345;18.2) (353;18.2) (361;18.1+41.1) (369;41.2) (377;41.1+8.1) (385;8.2) (393;8.2) (401;8.2) (409;8.2) (417;16.2) (425;16.2) (433;26.2) (441;26.2) (449;26.2) (457;26.1+32.1) (465;32.1+33.1) (473;33.2) (481;33.2) (489;33.2) (497;33.1+19.1) (505;19.2) (513;19.2) (521;17.2) (529;17.2) (537;17.2) (545;17.1+45.1) (553;49.2) (561;49.2) (569;2.2) (577;2.1+39.1) (585;39.2) (593;39.1+29.1) (601;5.1+21.1) (609;21.2) (617;21.2) (625;21.2) (633;28.1+10.1) (641;10.2) (649;48.2) (657;48.2) (665;48.2) (673;48.1+14.1) (681;14.2) (689;14.2) (697;36.2) (705;36.2) (713;44.2) (721;44.2) (729;44.2) (737;44.2) (745;44.1+37.1) (753;37.2) (761;37.1+35.1) (769;35.2) (777;35.2) (785;35.2) (793;35.2)
(2;31.4) (11;31.4) (21;31.1+22.3) (30;22.4) (39;40.4) (48;49.4) (58;49.3+43.1) (67;43.3+1.1) (76;1.1+2.3) (85;2.1+37.3) (95;37.4) (104;37.1+11.3) (114;11.4) (123;11.2+8.2) (132;8.4) (141;8.2+25.2) (150;25.2+46.2) (159;34.1+17.3) (170;17.4) (179;9.3+16.1) (188;16.4) (197;16.1+48.1+41.2) (206;41.3+30.1) (215;30.4) (224;30.4) (234;35.4) (244;35.3+3.1) (253;3.4) (262;3.4) (271;33.4) (280;33.2+14.2) (290;14.4) (299;32.4) (308;32.3+28.1) (318;28.4) (327;44.4) (336;44.4) (346;12.4) (355;12.4) (364;15.4) (373;15.3+19.1) (382;19.4) (392;21.2+50.2) (402;50.4) (411;50.1+18.3) (420;27.4) (429;27.4) (438;10.4) (447;10.4) (456;10.1+26.3) (467;26.3+29.1) (476;29.4) (485;29.2+39.2) (494;39.4) (503;13.1+38.3) (512;38.4) (522;38.2+23.2) (531;23.4) (541;6.3+4.1) (550;47.4) (559;47.2+5.2) (568;5.3+24.1) (578;20.4) (587;20.4) (596;20.1)
(3;9.3) (12;9.3) (20;9.1+43.2) (28;43.3) (36;43.1+47.2) (44;47.3) (52;47.1+12.2) (60;12.2+15.1) (68;15.1+3.2) (77;3.1+24.1+46.1) (86;46.3) (94;46.3) (102;17.3) (110;17.3) (118;10.3) (126;10.3) (134;10.1+36.2) (142;36.3) (151;36.3) (160;29.3) (168;29.3) (176;37.3) (184;37.3) (192;37.2+48.1) (200;25.3) (208;22.1+30.2) (216;30.1+4.2) (226;4.3) (235;4.2+31.1) (243;33.3) (251;33.3) (259;33.3) (267;16.3) (275;16.2+7.1) (283;7.3) (291;7.2+18.1) (300;18.3) (309;18.3) (317;18.1+28.2) (325;45.3) (333;45.3) (341;45.1+27.2) (349;27.3) (357;27.1+23.2) (365;23.3) (374;23.1+19.2) (383;19.2+20.1) (391;11.3) (399;11.1+34.2) (407;34.3) (415;34.3) (423;34.1+6.1+41.1) (431;41.3) (439;41.2+42.1) (448;42.1+35.2) (458;35.3) (466;50.1+5.2) (474;5.3) (482;49.3) (490;49.3) (498;49.3) (506;26.1+13.2) (514;13.2+1.1) (523;1.2+2.1) (532;2.3) (540;2.1+32.2) (548;32.2+39.1) (556;39.3) (564;39.3) (572;38.1+14.2) (580;14.3) (588;14.3) (597;8.3)
