1 // s
4 // m
10 // n

// p, q, a
3 7 0 // M1
6 5 0 // M2
2 4 0 // M3
5 2 0 // M4

// M1 M2 M3 M4 M5
6 4 0 6 // J1
5 0 0 8 // J2
2 7 5 1 // J3
1 7 3 0 // J4
9 0 0 9 // J5
1 3 3 7 // J6
5 6 8 5 // J7
9 8 7 8 // J8
7 3 2 9 // J9
0 4 7 4 // J10

(3;1.6+2.1) (7;2.4+3.2+4.1) (10;5.7) (13;5.2+6.1+7.4) (18;7.1+8.6) (23;8.3+9.4) (28;9.3)
(2;1.4+3.1) (8;3.5) (14;3.1+4.4) (20;4.3+6.2) (27;6.1+7.4) (33;7.2+8.3) (39;8.5) (45;9.3+10.2) (52;10.2)
(4;3.4) (9;3.1+4.3) (12;6.3+7.1) (15;7.4) (17;7.3+8.1) (19;8.4) (22;8.2+9.2) (24;10.4) (29;10.3)
(1;1.2) (6;1.2) (11;1.2) (16;2.2) (21;2.2) (26;2.2) (31;2.2) (36;3.1+5.1) (41;5.2) (46;5.2) (51;5.2) (56;5.2) (61;6.2) (66;6.2) (71;6.2) (76;6.1+7.1) (81;7.2) (86;7.2) (91;8.2) (96;8.2) (101;8.2) (106;8.2) (111;9.2) (116;9.2) (121;9.2) (126;9.2) (131;9.1+10.1) (136;10.2) (141;10.1)
