1 // s
3 // m
20 // n

// p, q, a
2 2 0 // M1
2 2 0 // M2
6 6 0 // M3

// M1 M2 M3 M4
2 3 8 // J1
7 8 2 // J2
4 5 2 // J3
0 4 6 // J4
5 9 7 // J5
1 8 8 // J6
9 3 6 // J7
8 2 5 // J8
9 1 1 // J9
3 3 3 // J10
5 1 3 // J11
8 4 2 // J12
4 4 5 // J13
7 5 1 // J14
2 1 2 // J15
0 8 0 // J16
5 9 1 // J17
2 2 2 // J18
8 4 1 // J19
3 8 6 // J20

(2;1.2) (4;2.2) (6;2.2) (8;2.2) (10;2.1+3.1) (12;3.2) (14;3.1+5.1) (16;5.2) (18;5.2) (20;6.1+7.1) (23;7.2) (25;7.2) (27;7.2) (30;7.2) (32;8.2) (34;8.2) (37;8.2) (39;8.2) (41;9.2) (44;9.2) (46;9.2) (48;9.2) (51;9.1+10.1) (53;10.2) (55;11.2) (58;11.2) (60;11.1+12.1) (62;12.2) (65;12.2) (67;12.2) (69;12.1+13.1) (72;13.2) (74;13.1+14.1) (76;14.2) (79;14.2) (81;14.2) (83;15.2) (86;17.2) (88;17.2) (90;17.1+18.1) (93;18.1+19.1) (95;19.2) (97;19.2) (100;19.2) (102;19.1+20.1) (104;20.2)
(1;1.2) (3;1.1+2.1) (5;2.2) (7;2.2) (9;2.2) (11;2.1+3.1) (13;3.2) (15;3.2) (17;4.2) (19;4.2) (22;5.2) (24;5.2) (26;5.2) (29;5.2) (31;5.1+6.1) (33;6.2) (36;6.2) (38;6.2) (40;6.1+7.1) (43;7.2) (45;8.2) (47;9.1+10.1) (50;10.2) (52;11.1+12.1) (54;12.2) (57;12.1+13.1) (59;13.2) (61;13.1+14.1) (64;14.2) (66;14.2) (68;15.1+16.1) (71;16.2) (73;16.2) (75;16.2) (78;16.1+17.1) (80;17.2) (82;17.2) (85;17.2) (87;17.2) (89;18.2) (92;19.2) (94;19.2) (96;20.2) (99;20.2) (101;20.2) (103;20.2)
(21;1.6) (28;1.2+2.2+3.2) (35;4.6) (42;5.6) (49;5.1+6.5) (56;6.3+7.3) (63;7.3+8.3) (70;8.2+9.1+10.3) (77;11.3+12.2+13.1) (84;13.4+14.1+15.1) (91;15.1+17.1+18.2+19.1+20.1) (98;20.5)
