1 // s
3 // m
100 // n

// p, q, a
8 5 0 // M1
9 2 0 // M2
4 5 0 // M3

// M1 M2 M3 M4
6 2 2 // J1
0 4 4 // J2
1 7 3 // J3
7 1 3 // J4
7 1 6 // J5
1 0 3 // J6
1 9 7 // J7
6 8 8 // J8
5 1 8 // J9
5 4 9 // J10
6 0 8 // J11
0 2 5 // J12
7 5 6 // J13
0 0 9 // J14
7 0 7 // J15
0 5 5 // J16
9 7 3 // J17
6 9 4 // J18
6 0 4 // J19
4 5 2 // J20
6 5 2 // J21
4 0 1 // J22
5 6 9 // J23
0 3 5 // J24
7 0 9 // J25
8 9 8 // J26
0 5 6 // J27
2 6 7 // J28
5 0 0 // J29
3 4 2 // J30
1 3 0 // J31
3 4 4 // J32
6 2 9 // J33
5 4 8 // J34
6 8 4 // J35
8 9 9 // J36
5 8 1 // J37
5 3 0 // J38
6 3 9 // J39
5 8 0 // J40
1 1 2 // J41
6 9 9 // J42
5 3 5 // J43
4 2 6 // J44
8 5 0 // J45
7 5 8 // J46
3 7 1 // J47
0 8 6 // J48
0 5 9 // J49
0 7 1 // J50
4 0 3 // J51
8 3 3 // J52
6 9 8 // J53
4 3 5 // J54
4 0 5 // J55
4 6 8 // J56
9 9 8 // J57
1 2 1 // J58
9 1 3 // J59
6 5 3 // J60
0 5 6 // J61
4 9 1 // J62
2 9 1 // J63
6 1 5 // J64
9 9 3 // J65
5 5 7 // J66
0 6 8 // J67
1 0 8 // J68
2 3 8 // J69
2 9 2 // J70
0 9 4 // J71
4 4 8 // J72
9 0 0 // J73
4 1 6 // J74
6 2 8 // J75
2 2 2 // J76
8 4 5 // J77
5 6 9 // J78
5 8 4 // J79
7 1 6 // J80
2 0 0 // J81
9 6 1 // J82
1 4 5 // J83
5 5 5 // J84
6 5 4 // J85
2 4 7 // J86
9 0 1 // J87
5 3 5 // J88
7 4 3 // J89
4 9 5 // J90
3 1 9 // J91
4 1 1 // J92
6 7 6 // J93
6 0 7 // J94
7 2 8 // J95
0 9 0 // J96
4 3 3 // J97
7 7 0 // J98
5 6 6 // J99
5 2 2 // J100

(2;79.5) (11;34.5) (20;72.4+23.1) (29;23.4+68.1) (38;29.5) (47;15.5) (56;15.2+54.3) (65;54.1+69.2+59.2) (74;59.5) (83;59.2+88.3) (92;88.2+92.3) (101;92.1+93.4) (110;93.2+78.3) (119;78.2+43.3) (128;43.2+26.3) (137;26.5) (146;30.3+45.2) (155;45.5) (164;45.1+64.4) (173;64.2+63.2+91.1) (182;91.2+28.2+53.1) (191;53.5) (200;51.4+42.1) (209;42.5) (218;44.4+47.1) (227;47.2+41.1+95.2) (236;95.5) (245;98.5) (254;98.2+18.3) (263;18.3+62.2) (272;62.2+13.3) (281;13.4+94.1) (290;94.5) (299;80.5) (308;80.2+58.1+85.2) (317;85.4+25.1) (326;25.5) (335;25.1+76.2+10.2) (344;10.3+5.2) (353;5.5) (362;9.5) (371;82.5) (380;82.4+35.1) (389;35.5) (398;97.4+100.1) (407;100.4+33.1) (416;33.5) (425;84.5) (434;20.4+83.1) (443;75.5) (452;75.1+31.1+99.3) (461;99.2+60.3) (470;60.3+81.2) (479;4.5) (488;4.2+17.3) (497;17.5) (506;17.1+89.4) (515;89.3+32.2) (524;32.1+86.2+39.2) (533;39.4+38.1) (542;38.4+37.1) (551;37.4+56.1) (560;56.3+46.2) (569;46.5) (578;40.5) (587;74.4+3.1) (596;22.4+7.1) (605;1.5) (614;1.1+65.4) (623;65.5) (632;6.1+73.4) (641;73.5) (650;21.5) (659;21.1+66.4) (668;66.1+36.4) (677;36.4+8.1) (686;8.5) (695;87.5) (704;87.4+70.1) (713;70.1+11.4) (722;11.2+77.3) (731;77.5) (740;52.5) (749;52.3+57.2) (758;57.5) (767;57.2+55.3) (776;55.1+19.4) (785;19.2+90.3) (794;90.1)
(1;77.2) (10;77.2) (19;96.2) (28;96.2) (37;96.2) (46;96.2) (55;96.1+64.1) (64;53.2) (73;53.2) (82;53.2) (91;53.2) (100;53.1+80.1) (109;33.2) (118;89.2) (127;89.2) (136;20.2) (145;20.2) (154;20.1+31.1) (163;31.2) (172;12.2) (181;63.2) (190;63.2) (199;63.2) (208;63.2) (217;63.1+2.1) (226;2.2) (235;2.1+35.1) (244;35.2) (253;35.2) (262;35.2) (271;35.1+48.1) (280;48.2) (289;48.2) (298;48.2) (307;48.1+1.1) (316;1.1+75.1) (325;75.1+16.1) (334;16.2) (343;16.2) (352;59.1+79.1) (361;79.2) (370;79.2) (379;79.2) (388;79.1+84.1) (397;84.2) (406;84.2) (415;56.2) (424;56.2) (433;56.2) (442;52.2) (451;52.1+4.1) (460;61.2) (469;61.2) (478;61.1+23.1) (487;23.2) (496;23.2) (505;23.1+71.1) (514;71.2) (523;71.2) (532;71.2) (541;71.2) (550;36.2) (559;36.2) (568;36.2) (577;36.2) (586;36.1+99.1) (595;99.2) (604;99.2) (613;99.1+44.1) (622;44.1+27.1) (631;27.2) (640;27.2) (649;18.2) (658;18.2) (667;18.2) (676;18.2) (685;18.1+38.1) (694;38.2) (703;88.2) (712;88.1+86.1) (721;86.2) (730;86.1+40.1) (739;40.2) (748;40.2) (757;40.2) (766;40.1+83.1) (775;83.2) (784;83.1+37.1) (793;37.2) (802;37.2) (811;37.2) (820;37.1+66.1) (829;66.2) (838;66.2) (847;62.2) (856;62.2) (865;62.2) (874;62.2) (883;62.1+32.1) (892;32.2) (901;32.1+95.1) (910;95.1+70.1) (919;70.2) (928;70.2) (937;70.2) (946;70.2) (955;21.2) (964;21.2) (973;21.1+8.1) (982;8.2) (991;8.2) (1000;8.2) (1009;8.1+47.1) (1018;47.2) (1027;47.2) (1036;47.2) (1045;10.2) (1054;10.2) (1063;42.2) (1072;42.2) (1081;42.2) (1090;42.2) (1099;42.1+78.1) (1108;78.2) (1117;78.2) (1126;78.1+30.1) (1135;30.2) (1144;30.1+49.1) (1153;49.2) (1162;49.2) (1171;74.1+3.1) (1180;3.2) (1189;3.2) (1198;3.2) (1207;60.2) (1216;60.2) (1225;60.1+91.1) (1234;82.2) (1243;82.2) (1252;82.2) (1261;90.2) (1270;90.2) (1279;90.2) (1288;90.2) (1297;90.1+45.1) (1306;45.2) (1315;45.2) (1324;43.2) (1333;43.1+7.1) (1342;7.2) (1351;7.2) (1360;7.2) (1369;7.2) (1378;100.2) (1387;98.2) (1396;98.2) (1405;98.2) (1414;98.1+69.1) (1423;69.2) (1432;67.2) (1441;67.2) (1450;67.2) (1459;93.2) (1468;93.2) (1477;93.2) (1486;93.1+39.1) (1495;39.2) (1504;54.2) (1513;54.1+76.1) (1522;76.1+24.1) (1531;24.2) (1540;13.2) (1549;13.2) (1558;13.1+65.1) (1567;65.2) (1576;65.2) (1585;65.2) (1594;65.2) (1603;57.2) (1612;57.2) (1621;57.2) (1630;57.2) (1639;57.1+58.1) (1648;58.1+17.1) (1657;17.2) (1666;17.2) (1675;17.2) (1684;26.2) (1693;26.2) (1702;26.2) (1711;26.2) (1720;26.1+97.1) (1729;97.2) (1738;85.2) (1747;85.2) (1756;85.1+9.1) (1765;50.2) (1774;50.2) (1783;50.2) (1792;50.1+28.1) (1801;28.2) (1810;28.2) (1819;28.1+41.1) (1828;46.2) (1837;46.2) (1846;46.1+72.1) (1855;72.2) (1864;72.1+34.1) (1873;34.2) (1882;34.1+92.1) (1891;5.1)
(3;63.1+15.4) (7;15.3+79.2) (12;79.2+83.3) (16;83.2+90.3) (21;90.2+70.2+94.1) (25;94.5) (30;94.1+9.4) (34;9.4+28.1) (39;28.5) (43;28.1+66.4) (48;66.3+76.2) (52;34.5) (57;34.3+6.2) (61;6.1+27.4) (66;27.2+86.3) (70;86.4+55.1) (75;55.4+65.1) (79;65.2+58.1+41.2) (84;56.5) (88;56.3+37.1+46.1) (93;46.5) (97;46.2+53.3) (102;53.5) (106;43.5) (111;18.4+60.1) (115;60.2+59.3) (120;16.5) (124;61.5) (129;61.1+35.4) (133;24.5) (138;80.5) (142;80.1+99.4) (147;99.2+89.3) (151;23.5) (156;23.4+7.1) (160;7.5) (165;7.1+48.4) (169;48.2+88.3) (174;88.2+54.3) (178;54.2+84.3) (183;84.2+57.3) (187;57.5) (192;33.5) (196;33.4+78.1) (201;78.5) (205;78.3+87.1+5.1) (210;5.5) (214;22.1+77.4) (219;77.1+71.4) (223;3.3+10.2) (228;10.5) (232;10.2+39.3) (237;39.5) (241;39.1+75.4) (246;75.4+91.1) (250;91.5) (255;91.3+68.2) (259;68.5) (264;68.1+47.1+51.3) (268;2.4+64.1) (273;64.4+85.1) (277;85.3+72.2) (282;72.5) (286;72.1+13.4) (291;13.2+44.3) (295;44.3+30.2) (300;11.5) (304;11.3+25.2) (309;25.5) (313;25.2+17.3) (318;1.2+97.3) (322;100.2+62.1+4.2) (327;4.1+8.4) (331;8.4+32.1) (336;32.3+95.2) (340;95.5) (345;95.1+69.4) (349;69.4+19.1) (354;19.3+21.2) (358;26.5) (363;26.3+42.2) (367;42.5) (372;42.2+92.1+82.1+36.1) (376;36.5) (381;36.3+52.2) (385;52.1+67.4) (390;67.4+14.1) (394;14.5) (399;14.3+93.2) (403;93.4+20.1) (408;20.1+49.4) (412;49.5) (417;74.5) (421;74.1+12.4) (426;12.1+50.1)
