1 // s
2 // m
30 // n

// p, q, a
5 2 0 // M1
9 2 0 // M2

// M1 M2 M3
7 9 // J1
7 2 // J2
0 3 // J3
2 1 // J4
4 0 // J5
8 4 // J6
8 4 // J7
6 6 // J8
5 1 // J9
3 8 // J10
8 9 // J11
6 0 // J12
2 7 // J13
3 0 // J14
6 0 // J15
5 7 // J16
7 6 // J17
3 0 // J18
9 5 // J19
6 1 // J20
2 6 // J21
6 4 // J22
3 6 // J23
0 1 // J24
9 4 // J25
8 3 // J26
7 0 // J27
1 8 // J28
3 7 // J29
0 2 // J30

(2;1.2) (7;1.2) (12;1.2) (17;1.1+2.1) (22;2.2) (27;2.2) (32;2.2) (38;4.2) (43;5.2) (48;5.2) (53;6.2) (58;6.2) (63;6.2) (68;6.2) (74;7.2) (79;7.2) (84;7.2) (89;7.2) (94;8.2) (99;8.2) (104;8.2) (110;9.2) (115;9.2) (120;9.1+10.1) (125;10.2) (130;11.2) (135;11.2) (140;11.2) (146;11.2) (151;12.2) (156;12.2) (161;12.2) (166;13.2) (171;14.2) (176;14.1+15.1) (182;15.2) (187;15.2) (192;15.1+16.1) (197;16.2) (202;16.2) (207;17.2) (212;17.2) (218;17.2) (223;17.1+18.1) (228;18.2) (233;19.2) (238;19.2) (243;19.2) (248;19.2) (254;19.1+20.1) (259;20.2) (264;20.2) (269;20.1+21.1) (274;21.1+22.1) (279;22.2) (284;22.2) (290;22.1+23.1) (295;23.2) (300;25.2) (305;25.2) (310;25.2) (315;25.2) (320;25.1+26.1) (326;26.2) (331;26.2) (336;26.2) (341;26.1+27.1) (346;27.2) (351;27.2) (356;27.2) (362;28.1+29.1) (367;29.2)
(1;1.2) (10;1.2) (19;1.2) (28;1.2) (37;1.1+2.1) (46;2.1+3.1) (55;3.2) (64;4.1+6.1) (73;6.2) (82;6.1+7.1) (91;7.2) (100;7.1+8.1) (109;8.2) (118;8.2) (127;8.1+9.1) (136;10.2) (145;10.2) (154;10.2) (163;10.2) (172;11.2) (181;11.2) (190;11.2) (199;11.2) (208;11.1+13.1) (217;13.2) (226;13.2) (235;13.2) (244;16.2) (253;16.2) (262;16.2) (271;16.1+17.1) (280;17.2) (289;17.2) (298;17.1+19.1) (307;19.2) (316;19.2) (325;20.1+21.1) (334;21.2) (343;21.2) (352;21.1+22.1) (361;22.2) (370;22.1+23.1) (379;23.2) (388;23.2) (397;23.1+24.1) (406;25.2) (415;25.2) (424;26.2) (433;26.1+28.1) (442;28.2) (451;28.2) (460;28.2) (469;28.1+29.1) (478;29.2) (487;29.2) (496;29.2) (505;30.2)
