1 // s
4 // m
50 // n

// p, q, a
5 9 0 // M1
3 2 0 // M2
1 9 0 // M3
4 3 0 // M4

// M1 M2 M3 M4 M5
3 9 1 3 // J1
2 7 1 5 // J2
4 7 6 1 // J3
8 2 4 0 // J4
3 3 7 2 // J5
0 1 9 6 // J6
8 4 6 1 // J7
3 9 4 7 // J8
1 4 4 0 // J9
2 2 9 1 // J10
8 6 5 6 // J11
6 3 1 1 // J12
4 1 7 7 // J13
1 0 2 1 // J14
0 5 4 8 // J15
1 0 1 4 // J16
3 8 0 4 // J17
8 4 8 1 // J18
4 5 4 3 // J19
6 2 9 5 // J20
2 4 6 1 // J21
1 6 6 0 // J22
2 2 9 6 // J23
7 1 0 8 // J24
4 0 3 8 // J25
3 6 3 0 // J26
3 6 3 5 // J27
6 8 5 8 // J28
6 9 5 7 // J29
3 0 3 6 // J30
2 9 2 5 // J31
4 1 3 3 // J32
5 6 9 6 // J33
8 0 2 6 // J34
0 5 8 5 // J35
3 0 4 3 // J36
7 1 0 8 // J37
5 3 4 4 // J38
6 6 6 3 // J39
4 7 5 1 // J40
2 0 0 9 // J41
9 9 9 5 // J42
7 9 6 7 // J43
1 7 3 1 // J44
4 8 8 3 // J45
1 5 7 1 // J46
2 4 9 2 // J47
4 8 1 2 // J48
0 6 2 3 // J49
9 5 4 7 // J50

(3;4.8+23.1) (8;23.1+50.8) (14;50.1+25.4+21.2+13.2) (21;13.2+2.2+16.1+17.3+45.1) (26;45.3+9.1+29.5) (32;29.1+28.6+19.2) (39;19.2+33.5+31.2) (44;48.4+5.3+34.2) (50;34.6+26.3) (57;1.3+47.2+22.1+42.3) (62;42.6+32.3) (68;32.1+14.1+7.7) (75;7.1+20.6+37.2) (80;37.5+38.4) (86;38.1+43.7+24.1) (93;24.6+41.2+39.1) (98;39.5+44.1+18.3) (104;18.5+30.3+12.1) (111;12.5+36.3+10.1) (116;10.1+27.3+40.4+46.1) (122;11.8+8.1) (129;8.2+3.4)
(1;50.2) (4;50.2) (7;50.1+7.1) (10;7.2) (13;7.1+17.1) (16;17.2) (19;17.2) (22;17.2) (25;17.1+39.1) (28;39.2) (31;39.2) (34;39.1+35.1) (37;35.2) (40;35.2) (43;20.2) (46;4.2) (49;43.2) (52;43.2) (55;43.2) (58;43.2) (61;43.1+48.1) (64;48.2) (67;48.2) (70;48.2) (73;48.1+38.1) (76;38.2) (79;13.1+31.1) (82;31.2) (85;31.2) (88;31.2) (91;31.2) (94;26.2) (97;26.2) (100;26.2) (103;22.2) (106;22.2) (109;22.2) (112;5.2) (115;5.1+23.1) (118;23.1+47.1) (121;47.2) (124;47.1+9.1) (127;9.2) (130;9.1+3.1) (133;3.2) (136;3.2) (139;3.2) (142;45.2) (145;45.2) (148;45.2) (151;45.2) (154;8.2) (157;8.2) (160;8.2) (163;8.2) (166;8.1+32.1) (169;49.2) (172;49.2) (175;49.2) (178;46.2) (181;46.2) (184;46.1+27.1) (187;27.2) (190;27.2) (193;27.1+24.1) (196;10.2) (199;2.2) (202;2.2) (205;2.2) (208;2.1+42.1) (211;42.2) (214;42.2) (217;42.2) (220;42.2) (223;18.2) (226;18.2) (229;12.2) (232;12.1+6.1) (235;28.2) (238;28.2) (241;28.2) (244;28.2) (247;29.2) (250;29.2) (253;29.2) (256;29.2) (259;29.1+40.1) (262;40.2) (265;40.2) (268;40.2) (271;1.2) (274;1.2) (277;1.2) (280;1.2) (283;1.1+37.1) (286;19.2) (289;19.2) (292;19.1+15.1) (295;15.2) (298;15.2) (301;11.2) (304;11.2) (307;11.2) (310;33.2) (313;33.2) (316;33.2) (319;21.2) (322;21.2) (325;44.2) (328;44.2) (331;44.2) (334;44.1)
(5;15.4+45.5) (9;45.3+32.3+1.1+26.2) (12;26.1+22.6+42.2) (17;42.7+30.2) (18;30.1+23.8) (23;23.1+3.6+10.2) (27;10.7+47.2) (30;47.7+38.2) (35;38.2+21.6+31.1) (36;31.1+16.1+29.5+48.1+18.1) (41;18.7+33.2) (45;33.7+4.2) (48;4.2+36.4+40.3) (53;40.2+49.2+5.5) (54;5.2+43.6+28.1) (59;28.4+6.5) (63;6.4+13.5) (66;13.2+44.3+25.3+34.1) (71;34.1+12.1+46.7) (72;27.3+14.2+20.4) (77;20.5+19.4) (81;39.6+35.3) (84;35.5+9.4) (89;11.5+2.1+8.3) (90;8.1+7.6+50.2) (95;50.2)
(2;11.3) (6;11.3) (11;33.3) (15;33.3) (20;42.3) (24;42.2+17.1) (29;17.3) (33;15.3) (38;15.3) (42;15.2+36.1) (47;36.2+14.1) (51;37.3) (56;37.3) (60;37.2+2.1) (65;2.3) (69;2.1+41.2) (74;41.3) (78;41.3) (83;41.1+8.2) (87;8.3) (92;8.2+46.1) (96;49.3) (101;7.1+6.2) (105;6.3) (110;6.1+3.1+24.1) (114;24.3) (119;24.3) (123;24.1+48.2) (128;13.3) (132;13.3) (137;13.1+5.2) (141;45.3) (146;50.3) (150;50.3) (155;50.1+10.1+35.1) (159;35.3) (164;35.1+28.2) (168;28.3) (173;28.3) (177;34.3) (182;34.3) (186;23.3) (191;23.3) (195;27.3) (200;27.2+21.1) (204;43.3) (209;43.3) (213;43.1+44.1+12.1) (218;32.3) (222;38.3) (227;38.1+30.2) (231;30.3) (236;30.1+25.2) (240;25.3) (245;25.3) (249;47.2+19.1) (254;19.2+1.1) (258;1.2+16.1) (263;16.3) (267;39.3) (272;40.1+18.1+20.1) (276;20.3) (281;20.1+29.2) (285;29.3) (290;29.2+31.1) (294;31.3) (299;31.1)
