1 // s
3 // m
100 // n

// p, q, a
6 3 0 // M1
2 9 0 // M2
3 2 0 // M3

// M1 M2 M3 M4
6 7 4 // J1
4 8 3 // J2
4 0 4 // J3
1 3 8 // J4
0 8 7 // J5
3 6 5 // J6
9 2 5 // J7
8 2 6 // J8
0 4 8 // J9
0 4 2 // J10
2 4 1 // J11
1 5 2 // J12
6 3 9 // J13
5 8 4 // J14
8 9 9 // J15
3 5 7 // J16
4 2 5 // J17
6 8 0 // J18
4 7 5 // J19
7 4 4 // J20
5 3 5 // J21
2 8 9 // J22
6 8 3 // J23
5 6 2 // J24
6 4 3 // J25
1 9 2 // J26
7 6 8 // J27
0 6 2 // J28
6 6 5 // J29
1 6 7 // J30
7 9 9 // J31
5 0 5 // J32
9 5 1 // J33
0 6 6 // J34
4 8 5 // J35
2 9 4 // J36
6 3 8 // J37
2 9 7 // J38
5 4 6 // J39
3 6 1 // J40
3 4 2 // J41
5 8 7 // J42
3 0 3 // J43
8 2 4 // J44
1 7 0 // J45
1 6 8 // J46
6 3 7 // J47
0 4 2 // J48
9 4 9 // J49
1 9 5 // J50
8 5 9 // J51
9 6 1 // J52
4 8 0 // J53
7 9 8 // J54
1 8 1 // J55
4 0 2 // J56
7 3 8 // J57
8 7 2 // J58
4 2 0 // J59
0 6 3 // J60
8 1 0 // J61
7 9 6 // J62
4 2 0 // J63
8 7 7 // J64
7 8 4 // J65
8 9 5 // J66
0 5 3 // J67
7 4 6 // J68
7 9 8 // J69
6 4 3 // J70
1 3 2 // J71
7 9 7 // J72
7 3 9 // J73
5 9 8 // J74
1 8 5 // J75
0 1 8 // J76
8 6 3 // J77
4 9 0 // J78
9 1 7 // J79
4 9 9 // J80
8 7 8 // J81
7 6 3 // J82
5 0 9 // J83
6 0 6 // J84
6 5 6 // J85
5 6 5 // J86
0 7 8 // J87
9 8 7 // J88
0 7 4 // J89
1 7 8 // J90
0 3 3 // J91
9 6 1 // J92
0 4 2 // J93
1 4 0 // J94
8 1 6 // J95
7 7 3 // J96
4 3 5 // J97
1 3 2 // J98
0 8 9 // J99
0 6 9 // J100

(1;1.3) (7;1.3) (13;2.3) (19;2.1+3.2) (25;3.2+4.1) (31;6.3) (37;7.3) (43;7.3) (49;7.3) (55;8.3) (61;8.3) (67;8.2+11.1) (73;11.1+12.1+13.1) (79;13.3) (85;13.2+14.1) (91;14.3) (97;14.1+15.2) (103;15.3) (109;15.3) (115;16.3) (121;17.3) (127;17.1+18.2) (133;18.3) (139;18.1+19.2) (145;19.2+20.1) (151;20.3) (157;20.3) (163;21.3) (169;21.2+22.1) (175;22.1+23.2) (181;23.3) (187;23.1+24.2) (193;24.3) (199;25.3) (205;25.3) (211;26.1+27.2) (217;27.3) (223;27.2+29.1) (229;29.3) (235;29.2+30.1) (241;31.3) (247;31.3) (253;31.1+32.2) (259;32.3) (265;33.3) (271;33.3) (277;33.3) (283;35.3) (289;35.1+36.2) (295;37.3) (301;37.3) (307;38.2+39.1) (313;39.3) (319;39.1+40.2) (325;40.1+41.2) (331;41.1+42.2) (337;42.3) (343;43.3) (349;44.3) (355;44.3) (361;44.2+45.1) (367;46.1+47.2) (373;47.3) (379;47.1+49.2) (385;49.3) (391;49.3) (397;49.1+50.1+51.1) (403;51.3) (409;51.3) (415;51.1+52.2) (421;52.3) (427;52.3) (433;52.1+53.2) (439;53.2+54.1) (445;54.3) (451;54.3) (457;55.1+56.2) (463;56.2+57.1) (469;57.3) (475;57.3) (481;58.3) (487;58.3) (493;58.2+59.1) (499;59.3) (505;61.3) (511;61.3) (517;61.2+62.1) (523;62.3) (529;62.3) (535;63.3) (541;63.1+64.2) (547;64.3) (553;64.3) (559;65.3) (565;65.3) (571;65.1+66.2) (577;66.3) (583;66.3) (589;68.3) (595;68.3) (601;68.1+69.2) (607;69.3) (613;69.2+70.1) (619;70.3) (625;70.2+71.1) (631;72.3) (637;72.3) (643;72.1+73.2) (649;73.3) (655;73.2+74.1) (661;74.3) (667;74.1+75.1+77.1) (673;77.3) (679;77.3) (685;77.1+78.2) (691;78.2+79.1) (697;79.3) (703;79.3) (709;79.2+80.1) (715;80.3) (721;81.3) (727;81.3) (733;81.2+82.1) (739;82.3) (745;82.3) (751;83.3) (757;83.2+84.1) (763;84.3) (769;84.2+85.1) (775;85.3) (781;85.2+86.1) (787;86.3) (793;86.1+88.2) (799;88.3) (805;88.3) (811;88.1+90.1+92.1) (817;92.3) (823;92.3) (829;92.2+94.1) (835;95.3) (841;95.3) (847;95.2+96.1) (853;96.3) (859;96.3) (865;97.3) (871;97.1+98.1)
(3;1.7+2.2) (6;2.6+4.3) (9;5.8+6.1) (12;6.5+7.2+8.2) (15;9.4+10.4+11.1) (18;11.3+12.5+13.1) (21;13.2+14.7) (24;14.1+15.8) (27;15.1+16.5+17.2+18.1) (30;18.7+19.2) (33;19.5+20.4) (36;21.3+22.6) (39;22.2+23.7) (42;23.1+24.6+25.2) (45;25.2+26.7) (48;26.2+27.6+28.1) (51;28.5+29.4) (54;29.2+30.6+31.1) (57;31.8+33.1) (60;33.4+34.5) (63;34.1+35.8) (66;36.9) (69;37.3+38.6) (72;38.3+39.4+40.2) (75;40.4+41.4+42.1) (78;42.7+44.2) (81;45.7+46.2) (84;46.4+47.3+48.2) (87;48.2+49.4+50.3) (90;50.6+51.3) (93;51.2+52.6+53.1) (96;53.7+54.2) (99;54.7+55.2) (102;55.6+57.3) (105;58.7+59.2) (108;60.6+61.1+62.2) (111;62.7+63.2) (114;64.7+65.2) (117;65.6+66.3) (120;66.6+67.3) (123;67.2+68.4+69.3) (126;69.6+70.3) (129;70.1+71.3+72.5) (132;72.4+73.3+74.2) (135;74.7+75.2) (138;75.6+76.1+77.2) (141;77.4+78.5) (144;78.4+79.1+80.4) (147;80.5+81.4) (150;81.3+82.6) (153;85.5+86.4) (156;86.2+87.7) (159;88.8+89.1) (162;89.6+90.3) (165;90.4+91.3+92.2) (168;92.4+93.4+94.1) (171;94.3+95.1+96.5) (174;96.2+97.3+98.3+99.1) (177;99.7+100.2) (180;100.4)
(2;1.2) (5;1.2) (8;2.2) (11;2.1+3.1) (14;3.2) (17;3.1+4.1) (20;4.2) (23;4.2) (26;4.2) (29;4.1+5.1) (32;5.2) (35;5.2) (38;5.2) (41;6.2) (44;6.2) (47;6.1+7.1) (50;7.2) (53;7.2) (56;8.2) (59;8.2) (62;8.2) (65;9.2) (68;9.2) (71;9.2) (74;9.2) (77;10.2) (80;11.1+12.1) (83;12.1+13.1) (86;13.2) (89;13.2) (92;13.2) (95;13.2) (98;14.2) (101;14.2) (104;15.2) (107;15.2) (110;15.2) (113;15.2) (116;15.1+16.1) (119;16.2) (122;16.2) (125;16.2) (128;17.2) (131;17.2) (134;17.1+19.1) (137;19.2) (140;19.2) (143;20.2) (146;20.2) (149;21.2) (152;21.2) (155;21.1+22.1) (158;22.2) (161;22.2) (164;22.2) (167;22.2) (170;23.2) (173;23.1+24.1) (176;24.1+25.1) (179;25.2) (182;26.2) (185;27.2) (188;27.2) (191;27.2) (194;27.2) (197;28.2) (200;29.2) (203;29.2) (206;29.1+30.1) (209;30.2) (212;30.2) (215;30.2) (218;31.2) (221;31.2) (224;31.2) (227;31.2) (230;31.1+32.1) (233;32.2) (236;32.2) (239;33.1+34.1) (242;34.2) (245;34.2) (248;34.1+35.1) (251;35.2) (254;35.2) (257;36.2) (260;36.2) (263;37.2) (266;37.2) (269;37.2) (272;37.2) (275;38.2) (278;38.2) (281;38.2) (284;38.1+39.1) (287;39.2) (290;39.2) (293;39.1+40.1) (296;41.2) (299;42.2) (302;42.2) (305;42.2) (308;42.1+43.1) (311;43.2) (314;44.2) (317;44.2) (320;46.2) (323;46.2) (326;46.2) (329;46.2) (332;47.2) (335;47.2) (338;47.2) (341;47.1+48.1) (344;48.1+49.1) (347;49.2) (350;49.2) (353;49.2) (356;49.2) (359;50.2) (362;50.2) (365;50.1+51.1) (368;51.2) (371;51.2) (374;51.2) (377;51.2) (380;52.1+54.1) (383;54.2) (386;54.2) (389;54.2) (392;54.1+55.1) (395;56.2) (398;57.2) (401;57.2) (404;57.2) (407;57.2) (410;58.2) (413;60.2) (416;60.1+62.1) (419;62.2) (422;62.2) (425;62.1+64.1) (428;64.2) (431;64.2) (434;64.2) (437;65.2) (440;65.2) (443;66.2) (446;66.2) (449;66.1+67.1) (452;67.2) (455;68.2) (458;68.2) (461;68.2) (464;69.2) (467;69.2) (470;69.2) (473;69.2) (476;70.2) (479;70.1+71.1) (482;71.1+72.1) (485;72.2) (488;72.2) (491;72.2) (494;73.2) (497;73.2) (500;73.2) (503;73.2) (506;73.1+74.1) (509;74.2) (512;74.2) (515;74.2) (518;74.1+75.1) (521;75.2) (524;75.2) (527;76.2) (530;76.2) (533;76.2) (536;76.2) (539;77.2) (542;77.1+79.1) (545;79.2) (548;79.2) (551;79.2) (554;80.2) (557;80.2) (560;80.2) (563;80.2) (566;80.1+81.1) (569;81.2) (572;81.2) (575;81.2) (578;81.1+82.1) (581;82.2) (584;83.2) (587;83.2) (590;83.2) (593;83.2) (596;83.1+84.1) (599;84.2) (602;84.2) (605;84.1+85.1) (608;85.2) (611;85.2) (614;85.1+86.1) (617;86.2) (620;86.2) (623;87.2) (626;87.2) (629;87.2) (632;87.2) (635;88.2) (638;88.2) (641;88.2) (644;88.1+89.1) (647;89.2) (650;89.1+90.1) (653;90.2) (656;90.2) (659;90.2) (662;90.1+91.1) (665;91.2) (668;92.1+93.1) (671;93.1+95.1) (674;95.2) (677;95.2) (680;95.1+96.1) (683;96.2) (686;97.2) (689;97.2) (692;97.1+98.1) (695;98.1+99.1) (698;99.2) (701;99.2) (704;99.2) (707;99.2) (710;100.2) (713;100.2) (716;100.2) (719;100.2) (722;100.1)
