1 // s
5 // m
20 // n

// p, q, a
7 8 0 // M1
2 2 0 // M2
9 9 0 // M3
9 8 0 // M4
1 3 0 // M5

// M1 M2 M3 M4 M5 M6
5 2 4 4 6 // J1
1 8 4 7 4 // J2
0 8 8 7 1 // J3
8 8 8 3 2 // J4
3 9 5 1 8 // J5
7 8 0 0 5 // J6
9 4 2 2 8 // J7
1 4 2 8 9 // J8
9 9 5 7 1 // J9
8 9 3 8 1 // J10
0 1 4 7 8 // J11
6 6 3 5 8 // J12
2 7 3 1 4 // J13
5 6 5 8 9 // J14
3 6 9 4 3 // J15
4 3 8 9 9 // J16
7 4 2 9 4 // J17
8 9 4 3 1 // J18
5 1 6 0 6 // J19
2 5 4 2 5 // J20

(6;19.5+5.3) (16;4.8) (26;7.8) (36;7.1+17.7) (44;1.5+2.1+14.2) (54;14.3+20.2+6.3) (64;6.4+13.2+16.2) (74;16.2+10.6) (84;10.2+9.6) (94;9.3+18.5) (103;18.3+15.3+8.1+12.1) (117;12.5)
(1;20.2) (3;20.2) (5;20.1+11.1) (7;3.2) (9;3.2) (11;3.2) (13;3.2) (15;19.1+8.1) (17;8.2) (19;8.1+13.1) (21;13.2) (23;13.2) (25;13.2) (27;18.2) (29;18.2) (31;18.2) (33;18.2) (35;18.1+6.1) (37;6.2) (39;6.2) (41;6.2) (43;6.1+1.1) (45;1.1+7.1) (47;7.2) (49;7.1+14.1) (51;14.2) (53;14.2) (55;14.1+2.1) (57;2.2) (59;2.2) (61;2.2) (63;2.1+15.1) (65;15.2) (67;15.2) (69;15.1+12.1) (71;12.2) (73;12.2) (75;12.1+17.1) (77;17.2) (79;17.1+9.1) (81;9.2) (83;9.2) (85;9.2) (87;9.2) (89;4.2) (91;4.2) (93;4.2) (95;4.2) (97;5.2) (99;5.2) (102;5.2) (104;5.2) (106;5.1+10.1) (108;10.2) (110;10.2) (115;10.2) (119;10.2) (122;16.2) (125;16.1)
(4;11.4+9.5) (14;7.2+20.4+4.3) (24;4.5+16.4) (34;16.4+2.4+17.1) (46;17.1+5.5+10.3) (56;3.8+13.1) (66;13.2+19.6+15.1) (76;15.8+14.1) (86;14.4+1.4+12.1) (112;12.2+18.4+8.2)
(2;11.7+18.1) (12;18.2+14.6) (22;14.2+2.6) (32;2.1+13.1+9.6) (42;9.1+20.2+1.4+16.1) (52;16.8) (62;3.7+5.1) (72;15.4+17.4) (82;17.5+12.3) (92;12.2+4.3+7.2+8.1) (101;8.7+10.1) (113;10.7)
(8;16.3) (10;16.3) (18;16.3) (20;11.3) (28;11.3) (30;11.2+3.1) (38;2.3) (40;2.1+15.2) (48;15.1+14.2) (50;14.3) (58;14.3) (60;14.1+1.2) (68;1.3) (70;1.1+12.2) (78;12.3) (80;12.3) (88;18.1+8.2) (90;8.3) (96;8.3) (98;8.1+9.1+6.1) (100;6.3) (105;6.1+20.2) (107;20.3) (109;5.3) (111;5.3) (114;5.2+4.1) (116;4.1+13.2) (118;13.2+10.1) (120;7.3) (121;7.3) (123;7.2+17.1) (124;17.3) (126;19.3) (127;19.3)
