1 // s
3 // m
20 // n

// p, q, a
1 2 0 // M1
6 5 0 // M2
5 4 0 // M3

// M1 M2 M3 M4
1 3 3 // J1
0 0 0 // J2
2 5 8 // J3
7 8 2 // J4
5 2 8 // J5
2 5 6 // J6
9 2 3 // J7
1 6 3 // J8
0 3 7 // J9
7 7 1 // J10
5 0 6 // J11
5 8 5 // J12
8 8 3 // J13
6 1 3 // J14
1 1 9 // J15
6 1 9 // J16
3 8 5 // J17
9 4 2 // J18
9 9 6 // J19
9 0 7 // J20

(3;7.2) (4;7.2) (5;7.2) (7;7.2) (9;7.1+5.1) (10;5.2) (12;5.2) (13;10.2) (15;10.2) (17;10.2) (18;10.1+20.1) (19;20.2) (22;20.2) (23;20.2) (24;20.2) (25;6.2) (28;13.2) (29;13.2) (30;13.2) (32;13.2) (34;14.2) (35;14.2) (37;14.2) (38;11.2) (40;11.2) (42;11.1+19.1) (43;19.2) (44;19.2) (47;19.2) (48;19.2) (49;18.2) (50;18.2) (53;18.2) (54;18.2) (55;18.1+12.1) (57;12.2) (59;12.2) (60;3.2) (62;17.2) (63;17.1+15.1) (65;1.1+4.1) (67;4.2) (68;4.2) (69;4.2) (72;8.1+16.1) (73;16.2) (74;16.2) (75;16.1)
(2;4.5) (8;4.3+17.2) (14;17.5) (20;17.1+15.1+9.3) (27;12.5) (33;12.3+6.2) (39;6.3+8.2) (45;8.4+5.1) (52;5.1+16.1+1.3) (58;19.5) (64;19.4+3.1) (70;3.4+13.1) (77;13.5) (83;13.2+14.1+7.2) (89;18.4+10.1) (95;10.5) (102;10.1)
(1;8.3+10.1) (6;19.4) (11;19.2+14.2) (16;14.1+20.3) (21;20.4) (26;3.4) (31;3.4) (36;16.4) (41;16.4) (46;16.1+1.3) (51;11.4) (56;11.2+6.2) (61;6.4) (66;13.3+5.1) (71;5.4) (76;5.3+17.1) (81;17.4) (86;15.4) (91;15.4) (96;15.1+18.2+12.1) (101;12.4) (106;9.4) (111;9.3+4.1) (116;4.1+7.3)
