1 // s
5 // m
50 // n

// p, q, a
2 5 0 // M1
2 6 0 // M2
1 3 0 // M3
7 9 0 // M4
2 2 0 // M5

// M1 M2 M3 M4 M5 M6
1 6 8 2 0 // J1
9 5 3 8 9 // J2
9 2 2 2 6 // J3
4 6 9 2 2 // J4
5 7 5 6 4 // J5
3 4 3 5 5 // J6
4 6 1 7 7 // J7
0 2 0 1 8 // J8
1 9 4 4 3 // J9
9 2 8 9 5 // J10
5 7 7 9 4 // J11
4 1 1 8 6 // J12
4 1 8 3 5 // J13
2 0 4 4 5 // J14
2 5 7 3 0 // J15
6 2 1 2 4 // J16
1 6 4 9 9 // J17
7 9 2 3 3 // J18
9 0 2 5 4 // J19
9 1 0 8 0 // J20
8 7 3 3 3 // J21
0 9 3 8 8 // J22
1 9 9 3 5 // J23
8 7 8 4 7 // J24
3 7 1 1 6 // J25
1 3 2 9 1 // J26
4 2 2 2 6 // J27
3 2 0 6 9 // J28
7 5 4 4 1 // J29
9 0 9 9 5 // J30
2 3 6 0 6 // J31
0 6 2 7 1 // J32
6 6 3 6 3 // J33
9 7 7 7 1 // J34
5 6 2 4 0 // J35
7 3 6 0 6 // J36
0 4 3 4 9 // J37
1 5 1 5 5 // J38
7 0 3 4 2 // J39
1 2 7 0 1 // J40
2 3 1 7 9 // J41
5 1 1 0 9 // J42
7 9 1 0 0 // J43
2 3 9 7 2 // J44
4 5 2 1 4 // J45
5 2 7 2 8 // J46
5 5 6 8 4 // J47
7 2 5 4 3 // J48
9 4 0 6 8 // J49
8 8 2 3 9 // J50

(4;1.1+35.4) (6;35.1+18.4) (8;18.3+19.2) (12;19.5) (14;19.2+36.3) (16;36.4+43.1) (20;43.5) (22;43.1+38.1+25.3) (24;11.5) (28;9.1+42.4) (30;42.1+17.1+40.1+13.2) (36;13.2+4.3) (40;4.1+12.4) (46;10.5) (54;10.4+3.1) (64;3.5) (76;3.3+6.2) (86;6.1+45.4) (96;24.5) (108;24.3+34.2) (118;34.5) (128;34.2+26.1+2.2) (140;2.5) (150;2.2+16.3) (158;16.3+47.2) (168;47.3+27.2) (176;27.2+20.3) (184;20.5) (192;20.1+21.4) (199;21.4+39.1) (204;39.5) (209;39.1+30.4) (215;30.5) (220;31.2+49.3) (225;49.5) (230;49.1+15.2+41.2) (236;44.2+5.3) (241;5.2+29.3) (246;29.4+23.1) (252;28.3+46.2) (257;46.3+14.2) (262;48.5) (267;48.2+7.3) (273;7.1+33.4) (278;33.2+50.3) (283;50.5)
(32;4.6) (38;24.6) (44;24.1+1.5) (48;1.1+27.2+5.3) (56;5.4+46.2) (68;2.5+31.1) (78;31.2+3.2+26.2) (88;26.1+45.5) (100;33.6) (110;34.6) (120;34.1+42.1+29.4) (132;29.1+13.1+48.2+15.2) (142;15.3+43.3) (152;43.6) (160;23.6) (170;23.3+6.3) (178;6.1+16.2+36.3) (186;12.1+47.5) (194;49.4+37.2) (200;37.2+32.4) (205;32.2+44.3+20.1) (210;17.6) (216;10.2+41.3+22.1) (221;22.6) (226;22.2+8.2+25.2) (231;25.5+38.1) (237;38.4+11.2) (242;11.5+18.1) (247;18.6) (253;18.2+35.4) (258;35.2+7.4) (263;7.2+21.4) (268;21.3+28.2+9.1) (274;9.6) (279;9.2+40.2+50.2) (284;50.6)
(52;34.3) (60;34.3) (62;34.1+35.2) (70;21.3) (72;26.2+14.1) (80;14.3) (84;27.2+29.1) (92;29.3) (94;37.3) (102;31.3) (104;31.3) (112;36.3) (116;36.3) (124;16.1+39.2) (126;39.1+15.2) (134;15.3) (136;15.2+43.1) (144;9.3) (148;9.1+18.2) (154;12.1+23.2) (156;23.3) (162;23.3) (164;23.1+33.2) (172;33.1+4.2) (174;4.3) (180;4.3) (182;4.1+25.1+5.1) (188;5.3) (190;5.1+17.2) (196;17.2+22.1) (198;22.2+42.1) (202;46.3) (203;46.3) (207;46.1+50.2) (208;3.2+45.1) (212;45.1+40.2) (213;40.3) (218;40.2+44.1) (219;44.3) (223;44.3) (224;44.2+19.1) (228;19.1+41.1+47.1) (229;47.3) (233;47.2+38.1) (235;11.3) (239;11.3) (240;11.1+7.1+10.1) (244;10.3) (245;10.3) (249;10.1+6.2) (250;6.1+30.2) (255;30.3) (256;30.3) (260;30.1+13.2) (261;13.3) (265;13.3) (266;32.2+48.1) (270;48.3) (272;48.1+1.2) (276;1.3) (277;1.3) (281;2.3) (282;24.3) (286;24.3) (287;24.2)
(2;9.4+50.3+25.1+34.1) (10;34.6+17.3) (18;17.6+7.3) (26;7.4+33.5) (34;33.1+15.3+35.4+13.1) (42;13.2+1.2+49.5) (50;49.1+20.8) (58;6.5+28.4) (66;28.2+22.7) (74;22.1+16.2+3.2+44.4) (82;44.3+2.6) (90;2.2+23.3+32.4) (98;32.3+18.3+48.3) (106;48.1+21.3+24.4+30.1) (114;30.8+47.1) (122;47.7+45.1+29.1) (130;29.3+19.5+4.1) (138;4.1+39.4+27.2+10.2) (146;10.7+8.1+5.1) (166;5.5+38.4) (197;38.1+12.8) (214;14.4+46.2+37.3) (234;37.1+26.8) (251;26.1+11.8) (271;11.1+41.7)
(1;44.2) (3;10.2) (5;10.2) (7;10.1+16.1) (9;16.2) (11;16.1+13.1) (13;13.2) (15;13.2) (17;38.2) (19;38.2) (21;38.1+8.1) (23;8.2) (25;8.2) (27;8.2) (29;8.1+50.1) (31;50.2) (33;50.2) (35;50.2) (37;50.2) (39;26.1+47.1) (41;47.2) (43;47.1+11.1) (45;11.2) (47;11.1+23.1) (49;23.2) (51;23.2) (53;32.1+40.1) (55;37.2) (57;37.2) (59;37.2) (61;37.2) (63;37.1+4.1) (65;4.1+22.1) (67;22.2) (69;22.2) (71;22.2) (73;22.1+39.1) (75;39.1+12.1) (77;12.2) (79;12.2) (81;12.1+28.1) (83;28.2) (85;28.2) (87;28.2) (89;28.2) (91;9.2) (93;9.1+31.1) (95;31.2) (97;31.2) (99;31.1+41.1) (101;41.2) (103;41.2) (105;41.2) (107;41.2) (109;18.2) (111;18.1+17.1) (113;17.2) (115;17.2) (117;17.2) (119;17.2) (121;29.1+45.1) (123;45.2) (125;45.1+5.1) (127;5.2) (129;5.1+7.1) (131;7.2) (133;7.2) (135;7.2) (137;2.2) (139;2.2) (141;2.2) (143;2.2) (145;2.1+36.1) (147;36.2) (149;36.2) (151;36.1+21.1) (153;21.2) (155;14.2) (157;14.2) (159;14.1+34.1) (161;24.2) (163;24.2) (165;24.2) (167;24.1+33.1) (169;33.2) (171;25.2) (173;25.2) (175;25.2) (177;42.2) (179;42.2) (181;42.2) (183;42.2) (185;42.1+30.1) (187;30.2) (189;30.2) (191;49.2) (193;49.2) (195;49.2) (201;49.2) (206;48.2) (211;48.1+46.1) (217;46.2) (222;46.2) (227;46.2) (232;46.1+3.1) (238;3.2) (243;3.2) (248;3.1+19.1) (254;19.2) (259;19.1+6.1) (264;6.2) (269;6.2) (275;27.2) (280;27.2) (285;27.2)
