1 // s
3 // m
100 // n

// p, q, a
5 2 0 // M1
5 3 0 // M2
4 6 0 // M3

// M1 M2 M3 M4
1 8 7 // J1
1 2 4 // J2
0 2 5 // J3
5 3 6 // J4
3 2 9 // J5
1 3 1 // J6
2 0 1 // J7
7 9 3 // J8
8 0 7 // J9
1 9 6 // J10
9 7 7 // J11
1 0 5 // J12
6 4 6 // J13
8 2 7 // J14
5 7 8 // J15
5 9 3 // J16
9 3 6 // J17
3 9 4 // J18
5 3 8 // J19
4 2 2 // J20
6 8 3 // J21
9 6 5 // J22
9 2 1 // J23
3 5 8 // J24
5 4 7 // J25
3 1 2 // J26
4 3 1 // J27
4 1 6 // J28
9 5 8 // J29
2 6 6 // J30
6 1 1 // J31
4 1 3 // J32
4 6 0 // J33
3 5 6 // J34
1 6 7 // J35
8 8 4 // J36
6 1 1 // J37
6 0 9 // J38
0 2 7 // J39
6 9 0 // J40
7 6 5 // J41
4 6 3 // J42
6 1 3 // J43
4 8 5 // J44
1 1 7 // J45
4 2 5 // J46
8 1 7 // J47
4 6 4 // J48
4 0 1 // J49
2 3 9 // J50
5 7 7 // J51
0 5 8 // J52
1 6 0 // J53
3 1 6 // J54
1 1 3 // J55
6 5 8 // J56
1 6 0 // J57
1 8 7 // J58
2 2 0 // J59
0 0 5 // J60
2 4 8 // J61
4 8 0 // J62
8 0 5 // J63
9 3 5 // J64
5 4 0 // J65
1 2 5 // J66
1 8 5 // J67
2 0 6 // J68
9 4 9 // J69
9 7 2 // J70
8 0 6 // J71
4 1 6 // J72
8 7 2 // J73
2 8 4 // J74
3 2 3 // J75
4 6 3 // J76
7 1 0 // J77
5 9 1 // J78
0 9 4 // J79
1 4 4 // J80
0 8 3 // J81
2 0 2 // J82
8 0 3 // J83
3 2 5 // J84
2 8 0 // J85
1 9 7 // J86
2 4 7 // J87
6 1 6 // J88
2 3 1 // J89
5 4 2 // J90
2 6 2 // J91
8 2 9 // J92
1 1 1 // J93
0 6 5 // J94
0 4 8 // J95
4 3 0 // J96
1 8 0 // J97
6 8 0 // J98
7 4 7 // J99
6 9 7 // J100

(1;54.2) (6;54.1+18.1) (11;18.2) (16;25.2) (21;25.2) (26;25.1+82.1) (31;82.1+59.1) (36;59.1+63.1) (41;63.2) (46;63.2) (51;63.2) (56;63.1+72.1) (61;72.2) (66;72.1+13.1) (71;13.2) (76;13.2) (81;13.1+93.1) (86;9.2) (91;9.2) (96;9.2) (101;9.2) (106;74.2) (111;73.2) (116;73.2) (121;73.2) (126;73.2) (131;22.2) (136;22.2) (141;22.2) (146;22.2) (151;22.1+50.1) (156;50.1+11.1) (161;11.2) (166;11.2) (171;11.2) (176;11.2) (181;100.2) (186;100.2) (191;100.2) (196;97.1+90.1) (201;90.2) (206;90.2) (211;23.2) (216;23.2) (221;23.2) (226;23.2) (231;23.1+20.1) (236;20.2) (241;20.1+37.1) (246;37.2) (251;37.2) (256;37.1+80.1) (261;78.2) (266;78.2) (271;78.1+85.1) (276;85.1+92.1) (281;92.2) (286;92.2) (291;92.2) (296;92.1+10.1) (301;76.2) (306;76.2) (311;15.2) (316;15.2) (321;15.1+30.1) (326;30.1+99.1) (331;99.2) (336;99.2) (341;99.2) (346;24.2) (351;24.1+56.1) (356;56.2) (361;56.2) (366;56.1+33.1) (371;33.2) (376;33.1+61.1) (381;61.1+96.1) (386;96.2) (391;96.1+83.1) (396;83.2) (401;83.2) (406;83.2) (411;83.1+75.1) (416;75.2) (421;68.2) (426;36.2) (431;36.2) (436;36.2) (441;36.2) (446;5.2) (451;5.1+46.1) (456;46.2) (461;46.1+77.1) (466;77.2) (471;77.2) (476;77.2) (481;45.1+1.1) (486;42.2) (491;42.2) (496;19.2) (501;19.2) (506;19.1+53.1) (511;55.1+16.1) (516;16.2) (521;16.2) (526;58.1+4.1) (531;4.2) (536;4.2) (541;48.2) (546;48.2) (551;2.1+87.1) (556;87.1+51.1) (561;51.2) (566;51.2) (571;84.2) (576;84.1+17.1) (581;17.2) (586;17.2) (591;17.2) (596;17.2) (601;70.2) (606;70.2) (611;70.2) (616;70.2) (621;70.1+12.1) (626;98.2) (631;98.2) (636;98.2) (641;69.2) (646;69.2) (651;69.2) (656;69.2) (661;69.1+38.1) (666;38.2) (671;38.2) (676;38.1+40.1) (681;40.2) (686;40.2) (691;40.1+88.1) (696;88.2) (701;88.2) (706;88.1+49.1) (711;49.2) (716;49.1+31.1) (721;31.2) (726;31.2) (731;31.1+7.1) (736;7.1+35.1) (741;6.1+62.1) (746;62.2) (751;62.1+65.1) (756;65.2) (761;65.2) (766;64.2) (771;64.2) (776;64.2) (781;64.2) (786;64.1+67.1) (791;86.1+32.1) (796;32.2) (801;32.1+26.1) (806;26.2) (811;41.2) (816;41.2) (821;41.2) (826;41.1+43.1) (831;43.2) (836;43.2) (841;43.1+27.1) (846;27.2) (851;27.1+91.1) (856;91.1+8.1) (861;8.2) (866;8.2) (871;8.2) (876;29.2) (881;29.2) (886;29.2) (891;29.2) (896;29.1+89.1) (901;89.1+57.1) (906;14.2) (911;14.2) (916;14.2) (921;14.2) (926;21.2) (931;21.2) (936;21.2) (941;66.1+34.1) (946;34.2) (951;44.2) (956;44.2) (961;71.2) (966;71.2) (971;71.2) (976;71.2) (981;47.2) (986;47.2) (991;47.2) (996;47.2) (1001;28.2) (1006;28.2)
(2;57.3) (7;57.3) (12;79.3) (17;79.3) (22;79.3) (27;96.3) (32;98.3) (37;98.3) (42;98.2+23.1) (47;23.1+25.2) (52;25.2+3.1) (57;3.1+45.1+5.1) (62;5.1+41.2) (67;41.3) (72;41.1+6.2) (77;6.1+90.2) (82;90.2+26.1) (87;43.1+33.2) (92;33.3) (97;33.1+47.1+22.1) (102;22.3) (107;22.2+84.1) (112;84.1+30.2) (117;30.3) (122;30.1+11.2) (127;11.3) (132;11.2+31.1) (137;62.3) (142;62.3) (147;62.2+32.1) (152;21.3) (157;21.3) (162;21.2+42.1) (167;42.3) (172;42.2+67.1) (177;67.3) (182;67.3) (187;67.1+53.2) (192;53.3) (197;53.1+51.2) (202;51.3) (207;51.2+65.1) (212;65.3) (217;64.3) (222;72.1+74.2) (227;74.3) (232;74.3) (237;50.3) (242;15.3) (247;15.3) (252;15.1+13.2) (257;13.2+100.1) (262;100.3) (267;100.3) (272;100.2+89.1) (277;89.2+56.1) (282;56.3) (287;56.1+28.1+2.1) (292;2.1+54.1+46.1) (297;46.1+20.2) (302;18.3) (307;18.3) (312;18.3) (317;55.1+93.1+59.1) (322;59.1+8.2) (327;8.3) (332;8.3) (337;8.1+70.2) (342;70.3) (347;70.2+35.1) (352;35.3) (357;35.2+1.1) (362;1.3) (367;1.3) (372;1.1+81.2) (377;81.3) (382;81.3) (387;73.3) (392;73.3) (397;73.1+48.2) (402;48.3) (407;48.1+58.2) (412;58.3) (417;58.3) (422;94.3) (427;94.3) (432;14.2+87.1) (437;87.3) (442;99.3) (447;99.1+40.2) (452;40.3) (457;40.3) (462;40.1+29.2) (467;29.3) (472;97.3) (477;97.3) (482;97.2+88.1) (487;16.3) (492;16.3) (497;16.3) (502;37.1+85.2) (507;85.3) (512;85.3) (517;44.3) (522;44.3) (527;44.2+76.1) (532;76.3) (537;76.2+66.1) (542;66.1+4.2) (547;4.1+27.2) (552;27.1+36.2) (557;36.3) (562;36.3) (567;19.3) (572;24.3) (577;24.2+10.1) (582;10.3) (587;10.3) (592;10.2+92.1) (597;92.1+34.2) (602;34.3) (607;61.3) (612;61.1+78.2) (617;78.3) (622;78.3) (627;78.1+52.2) (632;52.3) (637;86.3) (642;86.3) (647;86.3) (652;77.1+39.2) (657;80.3) (662;80.1+69.2) (667;69.2+95.1) (672;95.3) (677;91.3) (682;91.3) (687;75.2+17.1) (692;17.2)
(3;39.6) (8;39.1+64.5) (13;17.6) (18;28.6) (23;9.6) (28;9.1+88.5) (33;88.1+81.3+93.1+82.1) (38;82.1+45.5) (43;45.2+71.4) (48;71.2+48.4) (53;37.1+72.5) (58;72.1+21.3+29.2) (63;29.6) (68;76.3+5.3) (73;5.6) (78;84.5+3.1) (83;3.4+42.2) (88;42.1+2.4+68.1) (93;68.5+44.1) (98;44.4+47.2) (103;47.5+14.1) (108;14.6) (113;73.2+20.2+4.2) (118;4.4+13.2) (123;13.4+26.2) (128;15.6) (133;15.2+18.4) (138;50.6) (143;50.3+19.3) (148;19.5+24.1) (153;24.6) (158;24.1+51.5) (163;51.2+70.2+87.2) (168;87.5+61.1) (173;61.6) (178;61.1+63.5) (183;23.1+35.5) (188;35.2+79.4) (193;58.6) (198;58.1+25.5) (203;25.2+16.3+94.1) (208;94.4+92.2) (213;92.6) (218;92.1+41.5) (223;10.6) (228;36.4+32.2) (233;32.1+89.1+99.4) (238;99.3+91.2+11.1) (243;11.6) (248;8.3+7.1+60.2) (253;60.3+12.3) (258;12.2+95.4) (263;95.4+49.1+31.1) (268;1.6) (273;1.1+54.5) (278;54.1+38.5) (283;38.4+30.2) (288;30.4+100.2) (293;100.5+22.1) (298;22.4+69.2) (303;69.6) (308;69.1+74.4+56.1) (313;56.6) (318;56.1+78.1+80.4) (323;90.2+52.4) (328;52.4+67.2) (333;67.3+75.3) (338;6.1+86.5) (343;86.2+55.3+46.1) (348;46.4+43.2) (353;43.1+27.1+66.4) (358;66.1+34.5) (363;34.1+83.3)
