1 // s
4 // m
100 // n

// p, q, a
8 2 0 // M1
7 5 0 // M2
8 6 0 // M3
6 5 0 // M4

// M1 M2 M3 M4 M5
1 7 3 2 // J1
1 5 2 2 // J2
8 8 3 6 // J3
6 6 7 8 // J4
7 3 3 1 // J5
4 3 3 6 // J6
0 4 5 4 // J7
2 2 3 5 // J8
2 6 9 8 // J9
7 4 5 2 // J10
6 3 6 0 // J11
7 4 4 1 // J12
3 8 7 4 // J13
1 4 9 8 // J14
3 7 2 6 // J15
0 8 9 5 // J16
5 7 4 9 // J17
7 8 0 2 // J18
8 1 5 0 // J19
7 3 8 5 // J20
0 3 0 3 // J21
5 8 4 8 // J22
6 1 4 0 // J23
2 8 1 8 // J24
4 0 5 0 // J25
0 4 4 4 // J26
7 4 6 0 // J27
9 9 1 0 // J28
8 6 5 7 // J29
7 5 0 6 // J30
3 6 3 5 // J31
3 0 0 9 // J32
9 6 6 6 // J33
7 8 5 5 // J34
8 6 6 0 // J35
2 4 8 6 // J36
0 4 1 5 // J37
3 4 1 8 // J38
9 9 7 4 // J39
1 9 0 7 // J40
4 7 0 2 // J41
3 4 3 9 // J42
0 9 8 0 // J43
9 0 3 9 // J44
7 6 5 9 // J45
8 5 6 4 // J46
5 7 7 7 // J47
1 1 4 9 // J48
5 8 6 5 // J49
3 5 3 6 // J50
0 1 4 3 // J51
5 0 9 8 // J52
6 8 6 4 // J53
4 0 8 8 // J54
0 5 7 6 // J55
6 5 8 9 // J56
5 9 5 0 // J57
4 7 5 1 // J58
3 8 9 6 // J59
0 2 9 5 // J60
7 8 1 3 // J61
5 0 5 4 // J62
0 7 4 7 // J63
8 7 9 4 // J64
3 5 8 5 // J65
5 9 4 8 // J66
2 5 0 5 // J67
1 1 7 8 // J68
6 2 8 8 // J69
3 5 4 4 // J70
4 0 0 7 // J71
3 8 2 6 // J72
9 4 3 5 // J73
4 3 9 8 // J74
4 3 0 9 // J75
9 0 3 8 // J76
9 6 0 6 // J77
8 0 1 7 // J78
0 3 1 5 // J79
8 7 5 3 // J80
2 4 5 7 // J81
8 2 3 3 // J82
2 0 4 0 // J83
4 4 5 4 // J84
7 1 7 6 // J85
7 5 8 8 // J86
3 6 4 1 // J87
1 4 9 6 // J88
8 6 7 5 // J89
4 5 9 7 // J90
3 7 4 8 // J91
6 0 2 6 // J92
8 7 7 7 // J93
9 8 6 7 // J94
6 7 4 2 // J95
7 1 1 8 // J96
0 7 2 8 // J97
7 9 9 1 // J98
1 0 2 0 // J99
1 9 2 2 // J100

(1;1.1+2.1) (9;3.2) (17;3.2) (25;3.2) (33;3.2) (41;4.2) (49;4.2) (57;4.2) (65;5.2) (73;5.2) (81;5.2) (89;5.1+6.1) (97;6.2) (105;6.1+8.1) (113;8.1+9.1) (121;9.1+10.1) (129;10.2) (137;10.2) (145;10.2) (153;11.2) (161;11.2) (169;11.2) (177;12.2) (185;12.2) (193;12.2) (201;12.1+13.1) (209;13.2) (217;14.1+15.1) (225;15.2) (233;17.2) (241;17.2) (249;17.1+18.1) (257;18.2) (265;18.2) (273;18.2) (281;19.2) (289;19.2) (297;19.2) (305;19.2) (313;20.2) (321;20.2) (329;20.2) (337;20.1+22.1) (345;22.2) (353;22.2) (361;23.2) (369;23.2) (377;23.2) (385;24.2) (393;25.2) (401;25.2) (409;27.2) (417;27.2) (425;27.2) (433;27.1+28.1) (441;28.2) (449;28.2) (457;28.2) (465;28.2) (473;29.2) (481;29.2) (489;29.2) (497;29.2) (505;30.2) (513;30.2) (521;30.2) (529;30.1+31.1) (537;31.2) (545;32.2) (553;32.1+33.1) (561;33.2) (569;33.2) (577;33.2) (585;33.2) (593;34.2) (601;34.2) (609;34.2) (617;34.1+35.1) (625;35.2) (633;35.2) (641;35.2) (649;35.1+36.1) (657;36.1+38.1) (665;38.2) (673;39.2) (681;39.2) (689;39.2) (697;39.2) (705;39.1+40.1) (713;41.2) (721;41.2) (729;42.2) (737;42.1+44.1) (745;44.2) (753;44.2) (761;44.2) (769;44.2) (777;45.2) (785;45.2) (793;45.2) (801;45.1+46.1) (809;46.2) (817;46.2) (825;46.2) (833;46.1+47.1) (841;47.2) (849;47.2) (857;48.1+49.1) (865;49.2) (873;49.2) (881;50.2) (889;50.1+52.1) (897;52.2) (905;52.2) (913;53.2) (921;53.2) (929;53.2) (937;54.2) (945;54.2) (953;56.2) (961;56.2) (969;56.2) (977;57.2) (985;57.2) (993;57.1+58.1) (1001;58.2) (1009;58.1+59.1) (1017;59.2) (1025;61.2) (1033;61.2) (1041;61.2) (1049;61.1+62.1) (1057;62.2) (1065;62.2) (1073;64.2) (1081;64.2) (1089;64.2) (1097;64.2) (1105;65.2) (1113;65.1+66.1) (1121;66.2) (1129;66.2) (1137;67.2) (1145;68.1+69.1) (1153;69.2) (1161;69.2) (1169;69.1+70.1) (1177;70.2) (1185;71.2) (1193;71.2) (1201;72.2) (1209;72.1+73.1) (1217;73.2) (1225;73.2) (1233;73.2) (1241;73.2) (1249;74.2) (1257;74.2) (1265;75.2) (1273;75.2) (1281;76.2) (1289;76.2) (1297;76.2) (1305;76.2) (1313;76.1+77.1) (1321;77.2) (1329;77.2) (1337;77.2) (1345;77.2) (1353;78.2) (1361;78.2) (1369;78.2) (1377;78.2) (1385;80.2) (1393;80.2) (1401;80.2) (1409;80.2) (1417;81.2) (1425;82.2) (1433;82.2) (1441;82.2) (1449;82.2) (1457;83.2) (1465;84.2) (1473;84.2) (1481;85.2) (1489;85.2) (1497;85.2) (1505;85.1+86.1) (1513;86.2) (1521;86.2) (1529;86.2) (1537;87.2) (1545;87.1+88.1) (1553;89.2) (1561;89.2) (1569;89.2) (1577;89.2) (1585;90.2) (1593;90.2) (1601;91.2) (1609;91.1+92.1) (1617;92.2) (1625;92.2) (1633;92.1+93.1) (1641;93.2) (1649;93.2) (1657;93.2) (1665;93.1+94.1) (1673;94.2) (1681;94.2) (1689;94.2) (1697;94.2) (1705;95.2) (1713;95.2) (1721;95.2) (1729;96.2) (1737;96.2) (1745;96.2) (1753;96.1+98.1) (1761;98.2) (1769;98.2) (1777;98.2) (1785;99.1+100.1)
(2;1.5) (10;1.2+2.3) (18;2.2+3.3) (26;3.5) (34;4.5) (42;4.1+5.3+6.1) (50;6.2+7.3) (58;7.1+8.2+9.2) (66;9.4+10.1) (74;10.3+11.2) (82;11.1+12.4) (90;13.5) (98;13.3+14.2) (106;14.2+15.3) (114;15.4+16.1) (122;16.5) (130;16.2+17.3) (138;17.4+18.1) (146;18.5) (154;18.2+19.1+20.2) (162;20.1+21.3+22.1) (170;22.5) (178;22.2+23.1+24.2) (186;24.5) (194;24.1+26.4) (202;27.4+28.1) (210;28.5) (218;28.3+29.2) (226;29.4+30.1) (234;30.4+31.1) (242;31.5) (250;33.5) (258;33.1+34.4) (266;34.4+35.1) (274;35.5) (282;36.4+37.1) (290;37.3+38.2) (298;38.2+39.3) (306;39.5) (314;39.1+40.4) (322;40.5) (330;41.5) (338;41.2+42.3) (346;42.1+43.4) (354;43.5) (362;45.5) (370;45.1+46.4) (378;46.1+47.4) (386;47.3+48.1+49.1) (394;49.5) (402;49.2+50.3) (410;50.2+51.1+53.2) (418;53.5) (426;53.1+55.4) (434;55.1+56.4) (442;56.1+57.4) (450;57.5) (458;58.5) (466;58.2+59.3) (474;59.5) (482;60.2+61.3) (490;61.5) (498;63.5) (506;63.2+64.3) (514;64.4+65.1) (522;65.4+66.1) (531;66.5) (538;66.3+67.2) (546;67.3+68.1+69.1) (554;69.1+70.4) (562;70.1+72.4) (570;72.4+73.1) (579;73.3+74.2) (586;74.1+75.3+77.1) (594;77.5) (602;79.3+80.2) (610;80.5) (618;81.4+82.1) (627;82.1+84.4) (634;85.1+86.4) (642;86.1+87.4) (650;87.2+88.3) (658;88.1+89.4) (666;89.2+90.3) (675;90.2+91.3) (682;91.4+93.1) (690;93.5) (698;93.1+94.4) (706;94.4+95.1) (714;95.5) (723;95.1+96.1+97.3) (730;97.4+98.1) (738;98.5) (746;98.3+100.2) (754;100.5) (762;100.2)
(3;1.3+2.2+3.1) (12;3.2+4.4) (20;4.3+5.3) (28;6.3+7.3) (36;7.2+8.3+9.1) (44;9.6) (52;9.2+10.4) (60;10.1+11.5) (68;11.1+12.4+13.1) (76;13.6) (84;14.6) (92;14.3+15.2+16.1) (100;16.6) (108;16.2+17.4) (116;19.5+20.1) (124;20.6) (132;20.1+22.4+23.1) (140;23.3+24.1+25.2) (148;25.3+26.3) (156;26.1+27.5) (164;27.1+28.1+29.4) (172;29.1+31.3+33.2) (180;33.4+34.2) (188;34.3+35.3) (196;35.3+36.3) (204;36.5+37.1) (212;38.1+39.5) (220;39.2+42.3+43.1) (228;43.6) (236;43.1+44.3+45.2) (244;45.3+46.3) (252;46.3+47.3) (260;47.4+48.2) (268;48.2+49.4) (276;49.2+50.3+51.1) (284;51.3+52.3) (292;52.6) (300;53.6) (308;54.6) (316;54.2+55.4) (324;55.3+56.3) (332;56.5+57.1) (340;57.4+58.2) (348;58.3+59.3) (356;59.6) (364;60.6) (372;60.3+61.1+62.2) (380;62.3+63.3) (388;63.1+64.5) (396;64.4+65.2) (404;65.6) (412;66.4+68.2) (420;68.5+69.1) (428;69.6) (436;69.1+70.4+72.1) (444;72.1+73.3+74.2) (452;74.6) (460;74.1+76.3+78.1+79.1) (468;80.5+81.1) (476;81.4+82.2) (484;82.1+83.4+84.1) (492;84.4+85.2) (500;85.5+86.1) (508;86.6) (516;86.1+87.4+88.1) (524;88.6) (532;88.2+89.4) (540;89.3+90.3) (549;90.6) (557;91.4+92.2) (565;93.6) (573;93.1+94.5) (581;94.1+95.4+96.1) (589;97.2+98.4) (597;98.5+99.1) (605;99.1+100.2)
(4;1.2+2.2+3.1) (11;3.5) (19;4.5) (27;4.3+5.1+6.1) (35;6.5) (43;7.4+8.1) (51;8.4+9.1) (59;9.5) (67;9.2+10.2+12.1) (75;13.4+14.1) (83;14.5) (91;14.2+15.3) (99;15.3+16.2) (107;16.3+17.2) (115;17.5) (123;17.2+18.2+20.1) (131;20.4+21.1) (139;21.2+22.3) (147;22.5) (155;24.5) (163;24.3+26.2) (171;26.2+29.3) (179;29.4+30.1) (187;30.5) (195;31.5) (203;32.5) (211;32.4+33.1) (219;33.5) (227;34.5) (235;36.5) (243;36.1+37.4) (251;37.1+38.4) (259;38.4+39.1) (267;39.3+40.2) (275;40.5) (283;41.2+42.3) (291;42.5) (299;42.1+44.4) (307;44.5) (315;45.5) (323;45.4+46.1) (331;46.3+47.2) (339;47.5) (347;48.5) (355;48.4+49.1) (363;49.4+50.1) (371;50.5) (379;51.3+52.2) (387;52.5) (395;52.1+53.4) (403;54.5) (411;54.3+55.2) (419;55.4+56.1) (427;56.5) (435;56.3+58.1+59.1) (443;59.5) (451;60.5) (459;61.3+62.2) (467;62.2+63.3) (475;63.4+64.1) (483;64.3+65.2) (491;65.3+66.2) (499;66.5) (507;66.1+67.4) (515;67.1+68.4) (523;68.4+69.1) (530;69.5) (536;69.2+70.3) (542;70.1+71.4) (548;71.3+72.2) (555;72.4+73.1) (563;73.4+74.1) (571;74.5) (578;74.2+75.3) (584;75.5) (590;75.1+76.4) (596;76.4+77.1) (603;77.5) (611;78.5) (619;78.2+79.3) (626;79.2+80.3) (632;81.5) (638;81.2+82.3) (644;84.4+85.1) (651;85.5) (659;86.5) (667;86.3+87.1+88.1) (674;88.5) (680;89.5) (686;90.5) (692;90.2+91.3) (699;91.5) (707;92.5) (715;92.1+93.4) (722;93.3+94.2) (728;94.5) (734;95.2+96.3) (740;96.5) (747;97.5) (755;97.3+98.1+100.1) (763;100.1)
