1 // s
5 // m
50 // n

// p, q, a
7 4 0 // M1
9 8 0 // M2
7 7 0 // M3
2 2 0 // M4
4 5 0 // M5

// M1 M2 M3 M4 M5 M6
2 3 8 1 3 // J1
1 2 2 6 3 // J2
0 8 4 4 2 // J3
0 5 6 3 5 // J4
7 0 4 2 1 // J5
2 5 8 1 7 // J6
5 1 1 0 0 // J7
6 5 8 2 6 // J8
5 5 6 9 9 // J9
9 8 5 5 7 // J10
1 5 7 7 6 // J11
2 8 6 0 0 // J12
5 4 1 8 7 // J13
8 6 4 3 6 // J14
5 6 3 6 0 // J15
2 3 4 3 1 // J16
4 0 3 4 6 // J17
0 4 4 4 8 // J18
8 9 8 2 0 // J19
1 4 7 1 1 // J20
2 4 2 8 2 // J21
4 2 0 7 4 // J22
8 3 2 8 5 // J23
5 1 6 2 7 // J24
3 2 9 4 8 // J25
5 8 0 5 9 // J26
8 6 3 2 8 // J27
0 8 4 2 1 // J28
7 4 7 0 9 // J29
4 6 9 6 5 // J30
9 7 4 4 7 // J31
0 4 7 0 6 // J32
6 1 4 7 5 // J33
2 0 0 9 5 // J34
7 6 4 0 9 // J35
9 5 9 5 3 // J36
9 9 4 0 9 // J37
0 1 8 4 8 // J38
6 0 3 6 5 // J39
6 9 9 4 7 // J40
3 6 9 1 8 // J41
3 2 4 4 8 // J42
5 5 2 6 6 // J43
7 6 4 8 5 // J44
0 1 5 1 8 // J45
6 3 8 5 3 // J46
9 5 4 7 0 // J47
3 9 3 2 6 // J48
8 7 4 6 2 // J49
1 8 6 9 8 // J50

(1;24.4) (8;24.1+20.1+46.2) (15;46.4) (22;44.4) (29;44.3+8.1) (36;8.4) (43;8.1+22.3) (50;22.1+16.2+9.1) (57;9.4) (64;41.3+13.1) (71;13.4) (78;23.4) (85;23.4) (92;49.4) (99;49.4) (106;17.4) (113;37.4) (120;37.4) (127;37.1+11.1+10.2) (134;10.4) (141;10.3+31.1) (148;31.4) (155;31.4) (162;12.2+15.2) (169;15.3+1.1) (176;1.1+14.3) (183;14.4) (190;14.1+6.2+50.1) (197;39.4) (204;39.2+26.2) (211;26.3+33.1) (218;33.4) (225;33.1+34.2+48.1) (232;48.2+35.2) (239;35.4) (246;35.1+25.3) (253;42.3+5.1) (260;5.4) (267;5.2+19.2) (274;19.4) (281;19.2+30.2) (288;30.2+7.2) (295;7.3+21.1) (302;21.1+2.1+29.2) (309;29.4) (316;29.1+27.3) (323;27.4) (330;27.1+47.3) (337;47.4) (344;47.2+43.2) (351;43.3+36.1) (358;36.4) (365;36.4) (372;40.4) (379;40.2)
(2;7.1+48.7) (11;48.2+42.2+49.4) (20;49.3+27.5) (30;27.1+44.6+32.1) (39;32.3+11.5) (48;1.3+2.2+33.1+28.2) (58;28.6+31.2) (67;31.5+37.3) (76;37.6+4.2) (86;4.3+41.5) (95;41.1+40.7) (104;40.2+8.5+20.1) (114;20.3+22.2+18.3) (123;18.1+25.2+12.5) (132;12.3+45.1+23.3+16.1) (142;16.2+29.4+10.2) (151;10.6+35.2) (160;35.4+13.4) (170;50.8) (179;9.5+21.3) (188;21.1+46.3+43.4) (198;43.1+6.5+24.1+38.1) (207;36.5+15.3) (216;15.3+47.5) (226;26.8) (236;3.8) (250;30.6+14.2) (259;14.4+19.4) (269;19.5)
(3;47.4+12.3) (10;12.3+21.2+14.2) (17;14.2+15.3+25.2) (24;25.7) (31;46.7) (38;46.1+19.6) (45;19.2+20.5) (52;20.2+29.5) (59;29.2+6.5) (66;6.3+13.1+4.3) (73;4.3+27.3+37.1) (80;37.3+33.4) (87;18.4+48.3) (94;5.4+7.1+8.2) (101;8.6+38.1) (108;38.7) (115;50.6+9.1) (122;9.5+39.2) (129;39.1+1.6) (136;1.2+23.2+42.3) (143;42.1+36.6) (152;36.3+31.4) (163;17.3+16.4) (171;11.7) (181;49.4+3.3) (191;3.1+30.6) (201;30.3+35.4) (209;2.2+24.5) (220;24.1+10.5+32.1) (229;32.6+45.1) (240;45.4+28.3) (247;28.1+44.4+40.2) (255;40.7) (264;43.2+41.5) (273;41.4)
(5;39.2) (7;39.2) (12;39.2) (14;4.2) (16;4.1+17.1) (18;17.2) (21;17.1+22.1) (23;22.2) (26;22.2) (28;22.2) (33;41.1+48.1) (35;48.1+16.1) (40;16.2) (42;2.2) (44;2.2) (46;2.2) (49;43.2) (51;43.2) (54;43.2) (56;50.2) (61;50.2) (63;50.2) (68;50.2) (70;50.1+11.1) (72;11.2) (74;11.2) (77;11.2) (79;3.2) (82;3.2) (84;45.1+46.1) (89;46.2) (91;46.2) (96;9.2) (98;9.2) (100;9.2) (102;9.2) (105;9.1+18.1) (107;18.2) (110;18.1+42.1) (112;42.2) (117;42.1+8.1) (119;8.1+38.1) (124;38.2) (126;38.1+13.1) (128;13.2) (130;13.2) (133;13.2) (135;13.1+23.1) (138;23.2) (140;23.2) (145;23.2) (147;23.1+26.1) (150;26.2) (153;26.2) (156;6.1+40.1) (158;40.2) (161;40.1+1.1) (164;44.2) (166;44.2) (168;44.2) (173;44.2) (175;10.2) (178;10.2) (180;10.1+28.1) (184;28.1+25.1) (186;25.2) (189;25.1+5.1) (192;5.1+31.1) (194;31.2) (196;31.1+24.1) (200;24.1+20.1) (202;47.2) (205;47.2) (208;47.2) (212;47.1+21.1) (214;21.2) (217;21.2) (219;21.2) (222;21.1+30.1) (224;30.2) (228;30.2) (230;30.1+49.1) (233;49.2) (235;49.2) (238;49.1+34.1) (241;34.2) (243;34.2) (245;34.2) (249;34.2) (251;19.2) (254;15.2) (256;15.2) (258;15.2) (261;27.2) (263;33.2) (265;33.2) (268;33.2) (270;33.1+14.1) (272;14.2) (275;36.2) (277;36.2) (279;36.1)
(4;35.5) (9;35.4+14.1) (13;14.5) (19;20.1+42.4) (25;42.4+26.1) (32;26.5) (37;26.3+46.2) (41;46.1+21.2+32.2) (47;32.4+31.1) (53;31.5) (60;31.1+16.1+29.3) (65;29.5) (69;29.1+25.4) (75;25.4+17.1) (81;17.5) (88;5.1+18.4) (93;18.4+27.1) (97;27.5) (103;27.2+3.2+2.1) (109;2.2+39.3) (116;39.2+30.3) (121;30.2+11.3) (125;11.3+37.2) (131;37.5) (137;37.2+9.3) (144;9.5) (149;9.1+23.4) (154;23.1+48.4) (159;48.2+13.3) (165;13.4+36.1) (172;36.2+6.3) (177;6.4+4.1) (182;4.4+8.1) (187;8.5) (193;38.5) (199;38.3+10.2) (203;10.5) (210;24.5) (215;24.2+50.3) (221;50.5) (227;1.3+40.2) (231;40.5) (237;22.4+28.1) (242;49.2+45.3) (248;45.5) (252;43.5) (257;43.1+34.4) (262;34.1+33.4) (266;33.1+44.4) (271;44.1+41.4) (276;41.4)
