1 // s
5 // m
200 // n

// p, q, a
4 4 0 // M1
6 4 0 // M2
4 2 0 // M3
4 7 0 // M4
5 9 0 // M5

// M1 M2 M3 M4 M5 M6
6 5 5 9 0 // J1
6 0 9 2 3 // J2
0 9 4 7 8 // J3
4 2 2 6 7 // J4
0 3 7 7 2 // J5
6 1 0 8 0 // J6
5 7 5 3 0 // J7
9 6 0 5 0 // J8
6 1 2 6 0 // J9
5 8 9 4 0 // J10
7 1 9 8 9 // J11
3 7 7 7 3 // J12
4 9 0 1 8 // J13
3 4 1 6 8 // J14
8 1 6 6 0 // J15
8 1 1 7 7 // J16
8 2 6 8 2 // J17
3 7 6 4 7 // J18
1 8 3 2 6 // J19
6 1 0 7 6 // J20
1 7 3 6 2 // J21
6 4 3 8 0 // J22
1 6 0 9 4 // J23
1 3 2 8 4 // J24
6 7 7 8 6 // J25
9 7 4 9 3 // J26
7 0 3 1 6 // J27
1 9 9 6 6 // J28
9 3 8 4 5 // J29
5 7 4 8 4 // J30
2 8 1 3 0 // J31
3 0 4 9 2 // J32
8 0 3 4 2 // J33
1 2 9 3 3 // J34
2 4 6 2 5 // J35
2 8 2 2 1 // J36
2 3 5 5 0 // J37
8 8 0 0 2 // J38
1 4 0 3 8 // J39
8 9 4 1 4 // J40
2 8 1 4 1 // J41
8 2 9 7 7 // J42
5 7 1 7 0 // J43
4 4 8 3 3 // J44
3 2 8 0 2 // J45
7 3 2 3 7 // J46
2 3 0 8 8 // J47
3 2 1 4 1 // J48
5 8 2 3 6 // J49
3 2 2 3 3 // J50
3 1 0 8 0 // J51
0 0 0 2 3 // J52
5 0 5 0 4 // J53
2 6 3 9 6 // J54
2 3 4 1 7 // J55
4 9 4 3 8 // J56
5 0 8 0 3 // J57
1 3 2 7 7 // J58
2 1 9 0 6 // J59
5 2 1 8 4 // J60
7 9 3 6 1 // J61
0 7 8 0 6 // J62
0 5 6 3 8 // J63
4 2 5 7 3 // J64
9 4 5 2 4 // J65
0 4 3 5 2 // J66
1 8 6 9 1 // J67
6 7 1 8 3 // J68
3 4 2 1 6 // J69
7 5 5 1 1 // J70
3 7 4 5 5 // J71
3 3 1 2 0 // J72
5 3 3 7 4 // J73
2 9 7 2 2 // J74
7 0 6 3 0 // J75
4 1 4 5 6 // J76
5 8 1 3 9 // J77
4 4 0 3 8 // J78
2 6 9 8 7 // J79
9 0 4 6 4 // J80
7 7 3 9 4 // J81
2 0 0 4 0 // J82
1 8 5 5 5 // J83
6 1 9 8 0 // J84
8 8 4 3 9 // J85
0 1 8 6 0 // J86
3 6 8 0 9 // J87
7 5 2 9 6 // J88
3 3 5 2 6 // J89
4 0 3 2 0 // J90
7 1 6 5 6 // J91
8 3 9 0 3 // J92
1 2 4 4 6 // J93
4 0 5 6 7 // J94
1 9 0 1 7 // J95
4 2 1 6 4 // J96
9 8 5 5 2 // J97
2 0 2 4 0 // J98
4 6 1 5 5 // J99
0 9 1 5 2 // J100
4 5 6 5 9 // J101
7 0 5 7 1 // J102
6 1 2 5 4 // J103
3 6 8 1 4 // J104
4 7 1 5 2 // J105
4 8 5 6 6 // J106
5 1 5 4 0 // J107
4 1 0 6 5 // J108
1 4 4 2 4 // J109
2 4 5 1 1 // J110
4 1 9 1 8 // J111
6 4 0 2 5 // J112
9 5 9 1 6 // J113
4 6 7 4 9 // J114
1 5 1 6 2 // J115
9 2 8 1 0 // J116
9 2 4 4 2 // J117
3 1 4 6 4 // J118
0 0 8 0 5 // J119
6 5 3 6 9 // J120
6 6 1 1 9 // J121
8 9 2 9 8 // J122
4 5 9 1 5 // J123
6 1 4 8 2 // J124
2 1 1 0 8 // J125
1 7 0 1 6 // J126
3 8 1 1 3 // J127
2 1 2 4 3 // J128
4 8 5 7 9 // J129
4 1 6 5 8 // J130
4 0 5 3 7 // J131
4 5 0 3 8 // J132
1 8 1 2 4 // J133
5 3 8 8 2 // J134
5 9 9 4 8 // J135
3 6 3 0 3 // J136
9 0 5 2 1 // J137
2 3 7 4 9 // J138
7 0 8 6 2 // J139
5 7 2 2 4 // J140
1 2 8 2 3 // J141
4 0 0 5 3 // J142
7 1 0 9 8 // J143
1 3 9 0 1 // J144
2 5 4 8 5 // J145
5 0 3 2 2 // J146
6 4 1 6 2 // J147
7 1 2 9 6 // J148
2 2 2 0 1 // J149
6 0 8 7 0 // J150
2 7 1 0 1 // J151
5 8 9 7 8 // J152
4 7 8 3 6 // J153
3 0 3 7 1 // J154
0 0 0 4 9 // J155
9 3 3 7 9 // J156
4 1 6 1 9 // J157
8 2 0 5 7 // J158
8 1 4 0 2 // J159
4 4 9 4 7 // J160
5 6 1 5 0 // J161
1 7 7 0 1 // J162
1 5 2 8 3 // J163
2 0 6 3 7 // J164
0 9 8 0 2 // J165
8 6 9 1 4 // J166
4 4 8 0 3 // J167
8 0 0 0 7 // J168
1 5 9 3 5 // J169
3 9 5 7 0 // J170
4 8 5 6 6 // J171
6 8 1 3 1 // J172
5 7 5 5 7 // J173
7 6 1 5 4 // J174
1 0 6 5 6 // J175
5 9 5 4 9 // J176
9 0 1 0 0 // J177
6 8 2 4 6 // J178
9 8 7 8 2 // J179
3 9 4 5 8 // J180
7 7 0 2 8 // J181
4 2 0 0 1 // J182
7 2 6 3 1 // J183
5 6 5 5 0 // J184
8 3 7 8 5 // J185
2 2 7 3 2 // J186
5 5 9 6 2 // J187
2 0 8 1 6 // J188
4 8 1 2 9 // J189
7 1 3 6 6 // J190
7 4 8 5 0 // J191
3 0 1 7 6 // J192
1 4 7 7 5 // J193
1 3 0 1 9 // J194
5 7 3 8 5 // J195
0 2 4 9 7 // J196
0 9 0 6 5 // J197
1 6 4 5 8 // J198
2 8 0 5 4 // J199
9 0 4 7 7 // J200

(3;48.3+13.1) (7;13.3+84.1) (11;84.4) (15;84.1+136.3) (19;45.3+148.1) (23;148.4) (27;148.2+25.2) (31;25.4) (35;93.1+145.2+50.1) (39;50.2+65.2) (43;65.4) (47;65.3+101.1) (51;101.3+164.1) (55;164.1+104.3) (59;78.4) (63;132.4) (67;109.1+68.3) (71;68.3+90.1) (75;90.3+103.1) (79;103.4) (83;103.1+71.3) (87;99.4) (91;58.1+82.2+75.1) (95;75.4) (99;75.2+10.2) (103;10.3+30.1) (107;30.4) (111;124.4) (115;124.2+31.2) (119;95.1+141.1+188.2) (123;88.4) (127;88.3+94.1) (131;94.3+135.1) (135;135.4) (139;9.4) (143;9.2+39.1+12.1) (147;12.2+92.2) (151;92.4) (155;92.2+106.2) (159;106.2+159.2) (163;159.4) (167;159.2+32.2) (171;32.1+199.2+73.1) (175;73.4) (179;173.4) (183;173.1+151.2+130.1) (187;130.3+112.1) (191;112.4) (195;112.1+186.2+143.1) (199;143.4) (203;143.2+54.2) (207;147.4) (211;147.2+91.2) (215;91.4) (219;91.1+142.3) (223;142.1+175.1+15.2) (227;15.4) (231;15.2+121.2) (235;121.4) (239;193.1+11.3) (243;11.4) (247;8.4) (251;8.4) (255;8.1+64.3) (259;64.1+138.2+154.1) (263;154.2+29.2) (267;29.4) (271;29.3+184.1) (275;184.4) (279;38.4) (283;38.4) (287;23.1+174.3) (291;174.4) (295;19.1+97.3) (299;97.4) (303;97.2+57.2) (307;57.3+67.1) (311;144.1+1.3) (315;1.3+122.1) (319;122.4) (323;122.3+16.1) (327;16.4) (331;16.3+128.1) (335;128.1+133.1+60.2) (339;60.3+37.1) (343;37.1+41.2+69.1) (347;69.2+163.1+126.1) (351;172.4) (355;172.2+74.2) (359;113.4) (363;113.4) (367;113.1+183.3) (371;183.4) (375;160.4) (379;49.4) (383;49.1+24.1+194.1+20.1) (387;20.4) (391;20.1+61.3) (395;61.4) (399;170.3+137.1) (403;137.4) (407;137.4) (411;83.1+80.3) (415;80.4) (419;80.2+115.1+72.1) (423;72.2+134.2) (427;134.3+4.1) (431;4.3+81.1) (435;81.4) (439;81.2+36.2) (443;18.3+187.1) (447;187.4) (451;152.4) (455;152.1+161.3) (459;161.2+127.2) (463;127.1+195.3) (467;195.2+70.2) (471;70.4) (475;70.1+131.3) (479;131.1+140.3) (483;140.2+149.2) (487;110.2+85.2) (491;85.4) (495;85.2+117.2) (499;117.4) (503;117.3+46.1) (507;46.4) (511;46.2+47.2) (515;7.4) (519;7.1+185.3) (523;185.4) (527;185.1+43.3) (531;43.2+55.2) (535;53.4) (539;53.1+162.1+102.2) (543;102.4) (547;102.1+77.3) (551;77.2+108.2) (555;108.2+198.1+120.1) (559;120.4) (563;120.1+153.3) (567;153.1+14.3) (571;35.2+27.2) (575;27.4) (579;27.1+180.3) (583;176.4) (587;176.1+190.3) (591;190.4) (595;17.4) (599;17.4) (603;178.4) (607;178.2+26.2) (611;26.4) (615;26.3+34.1) (619;33.4) (623;33.4) (627;182.4) (631;129.4) (635;156.4) (639;156.4) (643;156.1+169.1+22.2) (647;22.4) (651;42.4) (655;42.4) (659;107.4) (663;107.1+111.3) (667;111.1+89.3) (671;166.4) (675;166.4) (679;167.4) (683;105.4) (687;44.4) (691;79.2+96.2) (695;96.2+59.2) (699;181.4) (703;181.3+98.1) (707;98.1+146.3) (711;146.2+116.2) (715;116.4) (719;116.3+118.1) (723;118.2+56.2) (727;56.2+114.2) (731;114.2+192.2) (735;192.1+168.3) (739;168.4) (743;168.1+125.2+40.1) (747;40.4) (751;40.3+200.1) (755;200.4) (759;200.4) (763;2.4) (767;2.2+191.2) (771;191.4) (775;191.1+189.3) (779;189.1+51.3) (783;6.4) (787;6.2+150.2) (791;150.4) (795;179.4) (799;179.4) (803;179.1+171.3) (807;171.1+76.3) (811;76.1+28.1+123.2) (815;123.2+21.1+87.1) (819;87.2+177.2) (823;177.4) (827;177.3+157.1) (831;157.3+158.1) (835;158.4) (839;158.3+139.1) (843;139.4) (847;139.2)
(2;16.1+144.3) (8;62.4) (14;62.3+71.1) (20;71.4) (26;71.2+149.2) (32;133.4) (38;133.4) (44;135.4) (50;135.4) (56;135.1+197.3) (62;197.4) (68;197.2+35.2) (74;35.2+165.2) (80;165.4) (86;165.3+100.1) (92;100.4) (98;100.4) (104;66.4) (110;29.3+145.1) (116;145.4) (122;50.2+40.2) (128;40.4) (134;40.3+3.1) (140;3.4) (146;3.4) (152;34.2+37.2) (158;37.1+76.1+186.2) (164;127.4) (170;127.4) (176;196.2+111.1+113.1) (182;113.4) (188;36.4) (194;36.4) (200;72.3+176.1) (206;176.4) (212;176.4) (218;95.4) (224;95.4) (230;95.1+148.1+55.2) (236;55.1+166.3) (242;166.3+23.1) (248;23.4) (254;23.1+157.1+105.2) (260;105.4) (266;105.1+79.3) (272;79.3+190.1) (278;91.1+63.3) (284;63.2+30.2) (290;30.4) (296;30.1+73.3) (302;18.4) (308;18.3+4.1) (314;4.1+46.3) (320;6.1+183.2+9.1) (326;103.1+92.3) (332;112.4) (338;180.4) (344;180.4) (350;180.1+7.3) (356;7.4) (362;178.4) (368;178.4) (374;19.4) (380;19.4) (386;182.2+20.1+115.1) (392;115.4) (398;140.4) (404;140.3+83.1) (410;83.4) (416;83.3+8.1) (422;8.4) (428;8.1+124.1+120.2) (434;120.3+49.1) (440;49.4) (446;49.3+14.1) (452;14.3+128.1) (458;194.3+125.1) (464;195.4) (470;195.3+156.1) (476;156.2+170.2) (482;170.4) (488;170.3+199.1) (494;199.4) (500;199.3+134.1) (506;134.2+189.2) (512;189.4) (518;189.2+38.2) (524;38.4) (530;38.2+26.2) (536;26.4) (542;26.1+28.3) (548;28.4) (554;28.2+151.2) (560;151.4) (566;151.1+138.3) (572;130.1+5.3) (578;104.4) (584;104.2+42.2) (590;12.4) (596;12.3+162.1) (602;162.4) (608;162.2+193.2) (614;193.2+74.2) (620;74.4) (626;74.3+152.1) (632;152.4) (638;152.3+21.1) (644;21.4) (650;21.2+22.2) (656;22.2+44.2) (662;44.2+163.2) (668;163.3+118.1) (674;25.4) (680;25.3+88.1) (686;88.4) (692;56.4) (698;56.4) (704;56.1+121.3) (710;121.3+136.1) (716;136.4) (722;136.1+160.3) (728;160.1+77.3) (734;77.4) (740;77.1+39.3) (746;39.1+10.3) (752;10.4) (758;10.1+61.3) (764;61.4) (770;61.2+58.2) (776;58.1+110.3) (782;110.1+185.3) (788;123.4) (794;123.1+69.3) (800;69.1+24.3) (806;173.4) (812;173.3+1.1) (818;1.4) (824;48.2+198.2) (830;198.4) (836;60.2+78.2) (842;78.2+70.2) (848;70.3+191.1) (854;191.3+54.1) (860;54.4) (866;54.1+101.3) (872;101.2+81.2) (878;81.4) (884;81.1+106.3) (890;106.4) (896;106.1+122.3) (902;122.4) (908;122.2+143.1+97.1) (914;97.4) (920;97.3+89.1) (926;89.2+172.2) (932;172.4) (938;172.2+107.1+93.1) (944;93.1+126.3) (950;126.4) (956;11.1+167.3) (962;167.1+86.1+84.1+184.1) (968;184.4) (974;184.1+117.2+153.1) (980;153.4) (986;153.2+41.2) (992;41.4) (998;41.2+67.2) (1004;67.4) (1010;67.2+141.2) (1016;96.2+169.2) (1022;169.3+68.1) (1028;68.4) (1034;68.2+158.2) (1040;179.4) (1046;179.4) (1052;132.4) (1058;132.1+59.1+85.2) (1064;85.4) (1070;85.2+116.2) (1076;114.4) (1082;114.2+15.1+45.1) (1088;45.1+65.3) (1094;65.1+181.3) (1100;181.4) (1106;99.4) (1112;99.2+109.2) (1118;109.2+129.2) (1124;129.4) (1130;129.2+159.1+51.1) (1136;17.2+87.2) (1142;87.4) (1148;171.4) (1154;171.4) (1160;47.3+174.1) (1166;174.4) (1172;174.1+43.3) (1178;43.4) (1184;147.4) (1190;31.4) (1196;31.4) (1202;13.4) (1208;13.4) (1214;13.1+64.2+187.1) (1220;187.4) (1226;161.4) (1232;161.2+108.1)
(1;170.2) (5;170.2) (9;170.1+193.1) (13;193.2) (17;193.2) (21;193.2) (25;59.2) (29;59.2) (33;59.2) (37;59.2) (41;59.1+100.1) (45;188.2) (49;188.2) (53;188.2) (57;188.2) (61;46.2) (65;98.2) (69;25.2) (73;25.2) (77;25.2) (81;25.1+129.1) (85;129.2) (89;129.2) (93;37.2) (97;37.2) (101;37.1+136.1) (105;136.2) (109;9.2) (113;81.2) (117;81.1+73.1) (121;73.2) (125;147.1+55.1) (129;55.2) (133;55.1+41.1) (137;111.2) (141;111.2) (145;111.2) (149;111.2) (153;111.1+144.1) (157;144.2) (161;144.2) (165;144.2) (169;144.2) (173;11.2) (177;11.2) (181;11.2) (185;11.2) (189;11.1+171.1) (193;171.2) (197;171.2) (201;195.2) (205;195.1+22.1) (209;22.2) (213;152.2) (217;152.2) (221;152.2) (225;152.2) (229;152.1+89.1) (233;89.2) (237;89.2) (241;165.2) (245;165.2) (249;165.2) (253;165.2) (257;120.2) (261;120.1+127.1) (265;145.2) (269;145.2) (273;84.2) (277;84.2) (281;84.2) (285;84.2) (289;84.1+131.1) (293;131.2) (297;131.2) (301;128.2) (305;15.2) (309;15.2) (313;15.2) (317;189.1+180.1) (321;180.2) (325;180.1+36.1) (329;36.1+29.1) (333;29.2) (337;29.2) (341;29.2) (345;29.1+138.1) (349;138.2) (353;138.2) (357;138.2) (361;102.2) (365;102.2) (369;102.1+60.1) (373;150.2) (377;150.2) (381;150.2) (385;150.2) (389;21.2) (393;21.1+159.1) (397;159.2) (401;159.1+179.1) (405;179.2) (409;179.2) (413;179.2) (417;34.2) (421;34.2) (425;34.2) (429;34.2) (433;34.1+191.1) (437;191.2) (441;191.2) (445;191.2) (449;191.1+135.1) (453;135.2) (457;135.2) (461;135.2) (465;135.2) (469;103.2) (473;76.2) (477;76.2) (481;174.1+187.1) (485;187.2) (489;187.2) (493;187.2) (497;187.2) (501;173.2) (505;173.2) (509;173.1+123.1) (513;123.2) (517;123.2) (521;123.2) (525;123.2) (529;151.1+10.1) (533;10.2) (537;10.2) (541;10.2) (545;10.2) (549;79.2) (553;79.2) (557;79.2) (561;79.2) (565;79.1+1.1) (569;1.2) (573;1.2) (577;110.2) (581;110.2) (585;110.1+19.1) (589;19.2) (593;33.2) (597;33.1+77.1) (601;101.2) (605;101.2) (609;101.2) (613;190.2) (617;190.1+114.1) (621;114.2) (625;114.2) (629;114.2) (633;64.2) (637;64.2) (641;64.1+192.1) (645;94.2) (649;94.2) (653;94.1+17.1) (657;17.2) (661;17.2) (665;17.1+24.1) (669;24.1+160.1) (673;160.2) (677;160.2) (681;160.2) (685;160.2) (689;28.2) (693;28.2) (697;28.2) (701;28.2) (705;28.1+26.1) (709;26.2) (713;26.1+27.1) (717;27.2) (721;176.2) (725;176.2) (729;176.1+44.1) (733;44.2) (737;44.2) (741;44.2) (745;44.1+2.1) (749;2.2) (753;2.2) (757;2.2) (761;2.2) (765;169.2) (769;169.2) (773;169.2) (777;169.2) (781;169.1+61.1) (785;61.2) (789;71.2) (793;71.2) (797;134.2) (801;134.2) (805;134.2) (809;134.2) (813;137.2) (817;137.2) (821;137.1+68.1) (825;161.1+140.1) (829;140.1+97.1) (833;97.2) (837;97.2) (841;122.2) (845;86.2) (849;86.2) (853;86.2) (857;86.2) (861;12.2) (865;12.2) (869;12.2) (873;12.1+186.1) (877;186.2) (881;186.2) (885;186.2) (889;163.2) (893;45.2) (897;45.2) (901;45.2) (905;45.2) (909;141.2) (913;141.2) (917;141.2) (921;141.2) (925;146.2) (929;146.1+167.1) (933;167.2) (937;167.2) (941;167.2) (945;167.1+109.1) (949;109.2) (953;109.1+48.1) (957;99.1+14.1) (961;30.2) (965;30.2) (969;133.1+75.1) (973;75.2) (977;75.2) (981;75.1+200.1) (985;200.2) (989;200.1+154.1) (993;154.2) (997;172.1+177.1) (1001;3.2) (1005;3.2) (1009;74.2) (1013;74.2) (1017;74.2) (1021;74.1+116.1) (1025;116.2) (1029;116.2) (1033;116.2) (1037;116.1+178.1) (1041;178.1+43.1) (1045;92.2) (1049;92.2) (1053;92.2) (1057;92.2) (1061;92.1+183.1) (1065;183.2) (1069;183.2) (1073;183.1+124.1) (1077;124.2) (1081;124.1+115.1) (1085;40.2) (1089;40.2) (1093;88.2) (1097;80.2) (1101;80.2) (1105;31.1+69.1) (1109;69.1+72.1) (1113;106.2) (1117;106.2) (1121;106.1+4.1) (1125;4.1+56.1) (1129;56.2) (1133;56.1+185.1) (1137;185.2) (1141;185.2) (1145;185.2) (1149;49.2) (1153;58.2) (1157;118.2) (1161;118.2) (1165;42.2) (1169;42.2) (1173;42.2) (1177;42.2) (1181;42.1+18.1) (1185;18.2) (1189;18.2) (1193;18.1+5.1) (1197;5.2) (1201;5.2) (1205;5.2) (1209;184.2) (1213;184.2) (1217;184.1+156.1) (1221;156.2) (1225;87.2) (1229;87.2) (1233;87.2) (1237;87.2) (1241;83.2) (1245;83.2) (1249;83.1+119.1) (1253;119.2) (1257;119.2) (1261;119.2) (1265;119.1+162.1) (1269;162.2) (1273;162.2) (1277;162.2) (1281;50.2) (1285;53.2) (1289;53.2) (1293;53.1+63.1) (1297;63.2) (1301;63.2) (1305;63.1+117.1) (1309;117.2) (1313;117.1+125.1) (1317;148.2) (1321;7.2) (1325;7.2) (1329;7.1+54.1) (1333;54.2) (1337;175.2) (1341;175.2) (1345;175.2) (1349;67.2) (1353;67.2) (1357;67.2) (1361;93.2) (1365;93.2) (1369;85.2) (1373;85.2) (1377;105.1+35.1) (1381;35.2) (1385;35.2) (1389;35.1+91.1) (1393;91.2) (1397;91.2) (1401;91.1+32.1) (1405;32.2) (1409;32.1+90.1) (1413;90.2) (1417;164.2) (1421;164.2) (1425;164.2) (1429;198.2) (1433;198.2) (1437;166.2) (1441;166.2) (1445;166.2) (1449;166.2) (1453;166.1+130.1) (1457;130.2) (1461;130.2) (1465;130.1+196.1) (1469;196.2) (1473;196.1+66.1) (1477;66.2) (1481;65.2) (1485;65.2) (1489;65.1+153.1) (1493;153.2) (1497;153.2) (1501;153.2) (1505;153.1+149.1) (1509;149.1+16.1) (1513;157.2) (1517;157.2) (1521;157.2) (1525;70.2) (1529;70.2) (1533;70.1+57.1) (1537;57.2) (1541;57.2) (1545;57.2) (1549;57.1+107.1) (1553;107.2) (1557;107.2) (1561;113.2) (1565;113.2) (1569;113.2) (1573;113.2) (1577;113.1+62.1) (1581;62.2) (1585;62.2) (1589;62.2) (1593;62.1+104.1) (1597;104.2) (1601;104.2) (1605;104.2) (1609;104.1+139.1) (1613;139.2) (1617;139.2) (1621;139.2) (1625;139.1+121.1) (1629;96.1)
(4;183.3+55.1+70.1+200.2) (10;200.5+35.2) (16;199.5+126.1+83.1) (22;83.4+146.2+78.1) (28;78.2+81.5) (34;81.4+195.3) (40;195.5+148.2) (46;148.7) (52;69.1+192.6) (58;192.1+193.6) (64;193.1+131.3+123.1+6.2) (70;6.6+116.1) (76;56.3+156.4) (82;156.3+63.3+133.1) (88;133.1+185.6) (94;185.2+44.3+93.2) (100;93.2+130.5) (106;189.2+50.3+94.2) (112;94.4+117.3) (118;117.1+18.4+163.2) (124;163.6+27.1) (130;101.5+186.2) (136;186.1+181.2+3.4) (142;3.3+86.4) (148;86.2+113.1+115.4) (154;115.2+145.5) (160;145.3+43.4) (166;43.3+174.4) (172;174.1+99.5+102.1) (178;102.6+152.1) (184;152.6+179.1) (190;179.7) (196;124.7) (202;124.1+30.6) (208;30.2+147.5) (214;147.1+51.6) (220;51.2+37.5) (226;29.4+10.3) (232;10.1+67.6) (238;67.3+153.3+15.1) (244;15.5+71.2) (250;71.3+109.2+28.2) (256;28.4+26.3) (262;26.6+61.1) (268;61.5+9.2) (274;9.4+96.3) (280;96.3+79.4) (286;79.4+135.3) (292;135.1+47.6) (298;47.2+150.5) (304;150.2+187.5) (310;187.1+140.2+54.4) (316;54.5+164.2) (322;164.1+166.1+154.5) (328;154.2+98.4+97.1) (334;97.4+134.3) (340;134.5+161.2) (346;161.3+132.3+52.1) (352;52.1+139.6) (358;68.7) (364;68.1+11.6) (370;11.2+66.5) (376;1.7) (382;1.2+104.1+184.4) (388;184.1+170.6) (394;170.1+42.6) (400;42.1+111.1+25.5) (406;25.3+118.4) (412;118.2+23.5) (418;23.4+100.3) (424;100.2+178.4+4.1) (430;4.5+74.2) (436;142.5+169.2) (442;169.1+39.3+155.3) (448;155.1+17.6) (454;17.2+60.5) (460;60.3+105.4) (466;105.1+127.1+143.5) (472;143.4+12.3) (478;12.4+141.2+73.1) (484;73.6+46.1) (490;46.2+138.4+64.1) (496;64.6+158.1) (502;158.4+19.2+120.1) (508;120.5+7.2) (514;7.1+22.6) (520;22.2+137.2+90.2+40.1) (526;36.2+122.5) (532;122.4+197.3) (538;197.3+84.4) (544;84.4+31.3) (550;24.7) (556;24.1+188.1+41.4+85.1) (562;85.2+13.1+72.2+16.2) (568;16.5+112.2) (574;196.7) (580;196.2+114.4+34.1) (586;34.2+198.5) (592;191.5+33.2) (598;33.2+2.2+75.3) (604;48.4+194.1+180.2) (610;180.3+49.3+160.1) (616;160.3+107.4) (622;106.6+190.1) (628;190.5+80.2) (634;80.4+157.1+128.2) (640;128.2+14.5) (646;14.1+58.6) (652;58.1+108.6) (658;176.4+20.3) (664;20.4+95.1+76.2) (670;76.3+89.2+172.2) (676;172.1+8.5+175.1) (682;175.4+129.3) (688;129.4+5.3) (694;5.4+171.3) (700;171.3+103.4) (706;103.1+110.1+91.5) (712;121.1+32.6) (718;32.3+65.2+21.2) (724;21.4+88.3) (730;88.6+77.1) (736;77.2+82.4+173.1) (742;173.4)
(6;70.1+124.2+35.5+138.1) (12;138.8+178.1) (18;178.5+85.4) (24;85.5+174.4) (30;99.5+91.4) (36;91.2+110.1+182.1+108.5) (42;74.2+50.3+135.4) (48;135.4+60.4+56.1) (54;56.7+40.2) (60;40.2+197.5+136.2) (66;136.1+54.6+137.1+180.1) (72;180.7+62.2) (78;62.4+183.1+2.3+78.1) (84;78.7+14.2) (90;14.6+81.3) (96;81.1+11.8) (102;11.1+157.8) (108;157.1+195.5+175.3) (114;175.3+67.1+53.4+143.1) (120;143.7+169.2) (126;169.3+20.6) (132;114.9) (138;71.5+32.2+88.2) (144;88.4+28.5) (150;28.1+141.3+173.5) (156;173.2+94.7) (162;126.6+73.3) (168;73.1+134.2+49.6) (174;59.6+45.2+109.1) (180;109.3+190.6) (186;104.4+3.5) (192;3.3+153.6) (198;162.1+76.6+192.2) (204;192.4+96.4+119.1) (210;119.4+130.5) (216;130.3+131.6) (222;131.1+125.8) (228;145.5+158.4) (234;158.3+151.1+122.5) (240;122.3+160.6) (246;160.1+117.2+113.6) (252;199.4+149.1+48.1+105.2+38.1) (258;38.1+89.6+194.2) (264;194.7+26.2) (270;26.1+163.3+100.2+140.3) (276;140.1+112.5+69.3) (282;69.3+29.5+172.1) (288;115.2+133.4+196.3) (294;196.4+13.5) (300;13.3+65.4+176.2) (306;176.7+168.2) (312;168.5+155.4) (318;155.5+52.3+47.1) (324;47.7+55.2) (330;55.5+93.4) (336;93.2+64.3+165.2+80.2) (342;80.2+154.1+164.6) (348;164.1+198.8) (354;156.9) (360;121.9) (366;58.7+42.2) (372;42.5+36.1+39.3) (378;39.5+63.4) (384;63.4+147.2+123.3) (390;123.2+66.2+102.1+79.4) (396;79.3+148.6) (402;159.2+152.7) (408;152.1+46.7+68.1) (414;68.2+111.7) (420;111.1+34.3+87.5) (426;87.4+57.3+146.2) (432;144.1+27.6+30.2) (438;30.2+16.7) (444;187.2+103.4+188.3) (450;188.3+101.6) (456;101.3+92.3+166.3) (462;166.1+200.7+25.1) (468;25.5+17.2+41.1+181.1) (474;181.7+171.2) (480;171.4+189.5) (486;189.4+21.2+97.2+132.1) (492;132.7+24.2) (498;24.2+185.5+5.2) (504;61.1+23.4+33.2+193.2) (510;193.3+118.4+127.2) (516;127.1+167.3+18.5) (522;18.2+129.7) (528;129.2+19.6+83.1) (534;83.4+186.2+77.3) (540;77.6+4.3) (546;4.4+128.3+106.2) (552;106.4+95.5) (558;95.2+120.7) (564;120.2+139.2+142.3+179.2) (570;44.3+12.3)
