1 // s
3 // m
30 // n

// p, q, a
5 4 0 // M1
8 3 0 // M2
5 2 0 // M3

// M1 M2 M3 M4
3 6 6 // J1
8 0 4 // J2
6 9 8 // J3
1 1 8 // J4
3 2 4 // J5
8 3 2 // J6
4 3 0 // J7
9 6 8 // J8
9 0 6 // J9
3 0 3 // J10
3 4 7 // J11
7 7 2 // J12
3 1 0 // J13
9 0 3 // J14
3 8 9 // J15
0 7 5 // J16
0 5 9 // J17
5 7 2 // J18
0 4 0 // J19
8 8 9 // J20
7 3 9 // J21
4 7 7 // J22
1 5 4 // J23
1 5 1 // J24
1 5 2 // J25
7 6 7 // J26
8 9 2 // J27
1 2 4 // J28
4 7 7 // J29
4 7 3 // J30

(3;5.3+1.1) (8;1.2+4.1+10.1) (13;10.2+13.2) (19;13.1+3.3) (24;3.3+25.1) (29;23.1+22.3) (35;22.1+24.1+7.2) (40;7.2+30.2) (45;30.2+6.2) (51;6.4) (56;6.2+20.2) (61;20.4) (67;20.2+12.2) (72;12.4) (77;12.1+2.3) (83;2.4) (88;2.1+14.3) (93;14.4) (99;14.2+9.2) (104;9.4) (109;9.3+27.1) (115;27.4) (120;27.3+18.1) (125;18.4) (131;26.4) (136;26.3+11.1) (141;11.2+21.2) (147;21.4) (152;21.1+15.3) (157;28.1+8.3) (163;8.4) (168;8.2+29.2) (173;29.2)
(1;7.3) (9;19.3) (17;19.1+25.2) (25;25.3) (33;16.3) (41;16.3) (49;16.1+17.2) (57;17.3) (65;23.3) (73;23.2+4.1) (81;6.3) (89;22.3) (97;22.3) (105;22.1+20.2) (113;20.3) (121;20.3) (129;13.1+5.2) (137;30.3) (145;30.3) (153;30.1+11.2) (161;11.2+29.1) (169;29.3) (177;29.3) (185;3.3) (193;3.3) (201;3.3) (209;27.3) (217;27.3) (226;27.3) (234;15.3) (242;15.3) (250;15.2+24.1) (258;24.3) (267;24.1+8.2) (275;8.3) (283;8.1+1.2) (291;1.3) (299;1.1+12.2) (308;12.3) (316;12.2+18.1) (324;18.3) (332;18.3) (340;21.3) (349;28.2+26.1) (357;26.3) (365;26.2)
(2;17.2) (7;17.2) (12;17.2) (18;17.2) (23;17.1+29.1) (28;29.2) (34;29.2) (39;29.2) (44;22.2) (50;22.2) (55;22.2) (60;22.1+16.1) (66;16.2) (71;16.2) (76;6.2) (82;5.2) (87;5.2) (92;20.2) (98;20.2) (103;20.2) (108;20.2) (114;20.1+18.1) (119;18.1+24.1) (124;28.2) (130;28.2) (135;21.2) (140;21.2) (146;21.2) (151;21.2) (156;21.1+26.1) (162;26.2) (167;26.2) (172;26.2) (178;10.2) (183;10.1+4.1) (188;4.2) (194;4.2) (199;4.2) (204;4.1+8.1) (210;8.2) (215;8.2) (220;8.2) (225;8.1+14.1) (230;14.2) (235;2.2) (240;2.2) (245;3.2) (251;3.2) (256;3.2) (261;3.2) (266;25.2) (271;23.2) (276;23.2) (281;30.2) (286;30.1+12.1) (292;12.1+9.1) (297;9.2) (302;9.2) (307;9.1+11.1) (312;11.2) (317;11.2) (322;11.2) (327;1.2) (333;1.2) (338;1.2) (343;15.2) (348;15.2) (353;15.2) (358;15.2) (363;15.1+27.1) (368;27.1)
