1 // s
5 // m
100 // n

// p, q, a
6 2 0 // M1
1 4 0 // M2
4 2 0 // M3
7 6 0 // M4
4 6 0 // M5

// M1 M2 M3 M4 M5 M6
2 7 0 5 8 // J1
4 9 4 2 2 // J2
9 1 0 5 1 // J3
6 9 4 3 1 // J4
4 4 6 7 2 // J5
6 9 4 2 8 // J6
4 2 2 0 5 // J7
4 3 1 9 5 // J8
5 2 4 0 1 // J9
4 9 5 1 7 // J10
1 2 1 1 0 // J11
8 0 3 2 1 // J12
5 4 1 4 7 // J13
6 9 9 9 7 // J14
3 7 5 8 6 // J15
2 0 6 5 8 // J16
6 3 3 5 6 // J17
2 0 0 9 7 // J18
3 9 9 7 9 // J19
1 0 9 2 4 // J20
4 0 5 4 4 // J21
4 6 3 5 8 // J22
7 4 7 4 4 // J23
1 0 6 8 5 // J24
6 8 9 2 3 // J25
3 8 8 8 5 // J26
1 0 3 1 3 // J27
6 7 9 1 2 // J28
6 6 4 1 9 // J29
9 1 4 2 8 // J30
0 3 1 7 8 // J31
5 0 3 0 0 // J32
5 8 5 0 6 // J33
7 0 6 0 8 // J34
3 1 5 5 8 // J35
9 4 8 3 4 // J36
2 3 5 9 4 // J37
8 8 6 2 8 // J38
6 4 8 1 6 // J39
7 1 4 4 1 // J40
8 4 3 4 4 // J41
9 8 5 8 8 // J42
1 1 9 6 8 // J43
1 2 5 6 8 // J44
8 4 4 2 1 // J45
8 2 4 8 0 // J46
8 9 4 1 5 // J47
7 0 1 4 4 // J48
0 2 7 3 6 // J49
4 5 1 2 5 // J50
5 5 8 6 2 // J51
4 0 0 2 5 // J52
6 3 7 7 0 // J53
2 7 7 1 0 // J54
1 0 0 1 8 // J55
5 6 0 6 6 // J56
3 1 1 3 5 // J57
2 1 8 8 0 // J58
6 9 9 8 7 // J59
6 5 0 3 4 // J60
7 7 0 1 3 // J61
4 4 6 7 7 // J62
8 0 4 5 2 // J63
5 1 3 1 7 // J64
0 9 8 0 4 // J65
2 0 1 3 1 // J66
9 5 6 1 9 // J67
6 1 9 9 0 // J68
8 4 0 1 1 // J69
5 4 4 6 2 // J70
4 2 8 5 3 // J71
7 8 9 7 1 // J72
3 2 2 5 7 // J73
2 3 3 5 6 // J74
4 2 3 1 9 // J75
6 9 6 8 8 // J76
7 6 5 1 7 // J77
7 7 1 7 1 // J78
7 1 2 8 6 // J79
5 1 4 4 8 // J80
2 1 8 0 7 // J81
2 8 7 5 7 // J82
8 1 0 8 3 // J83
7 7 1 8 9 // J84
5 2 5 3 8 // J85
2 9 5 4 4 // J86
4 4 1 9 6 // J87
6 7 4 3 4 // J88
8 9 5 0 3 // J89
5 1 3 4 9 // J90
7 0 5 5 3 // J91
0 6 4 1 5 // J92
2 3 2 0 3 // J93
3 0 0 1 7 // J94
9 2 7 3 0 // J95
5 6 4 0 3 // J96
1 5 0 5 7 // J97
3 9 6 6 6 // J98
0 2 3 8 2 // J99
4 7 5 6 9 // J100

(1;1.2) (7;14.2) (13;14.2) (19;14.2) (25;55.1+91.1) (31;91.2) (37;91.2) (43;91.2) (49;51.2) (55;51.2) (61;51.1+13.1) (67;13.2) (73;13.2) (79;96.2) (85;96.2) (91;96.1+74.1) (97;74.1+40.1) (103;40.2) (109;40.2) (115;40.2) (121;32.2) (127;32.2) (133;32.1+18.1) (139;18.1+9.1) (145;9.2) (151;9.2) (157;79.2) (163;79.2) (169;79.2) (175;79.1+22.1) (181;22.2) (187;22.1+6.1) (193;6.2) (199;6.2) (205;6.1+82.1) (211;82.1+5.1) (217;5.2) (223;5.1+87.1) (229;87.2) (235;87.1+3.1) (241;3.2) (247;3.2) (253;3.2) (259;3.2) (265;36.2) (271;36.2) (277;36.2) (283;36.2) (289;36.1+24.1) (295;48.2) (301;48.2) (307;48.2) (313;48.1+26.1) (319;26.2) (325;43.1+56.1) (331;56.2) (337;56.2) (343;46.2) (349;46.2) (355;46.2) (361;46.2) (367;59.2) (373;59.2) (379;59.2) (385;39.2) (391;39.2) (397;39.2) (403;10.2) (409;10.2) (415;2.2) (421;2.2) (427;42.2) (433;42.2) (439;42.2) (445;42.2) (451;42.1+35.1) (457;35.2) (463;72.2) (469;72.2) (475;72.2) (481;72.1+17.1) (487;17.2) (493;17.2) (499;17.1+81.1) (505;81.1+7.1) (511;7.2) (517;7.1+54.1) (523;54.1+98.1) (529;98.2) (535;15.2) (541;15.1+47.1) (547;47.2) (553;47.2) (559;47.2) (565;47.1+21.1) (571;21.2) (577;21.1+61.1) (583;61.2) (589;61.2) (595;61.2) (601;77.2) (607;77.2) (613;77.2) (619;77.1+90.1) (625;90.2) (631;90.2) (637;11.1+78.1) (643;78.2) (649;78.2) (655;78.2) (661;27.1+80.1) (667;80.2) (673;80.2) (679;69.2) (685;69.2) (691;69.2) (697;69.2) (703;16.2) (709;23.2) (715;23.2) (721;23.2) (727;23.1+34.1) (733;34.2) (739;34.2) (745;34.2) (751;95.2) (757;95.2) (763;95.2) (769;95.2) (775;95.1+88.1) (781;88.2) (787;88.2) (793;88.1+38.1) (799;38.2) (805;38.2) (811;38.2) (817;38.1+83.1) (823;83.2) (829;83.2) (835;83.2) (841;83.1+53.1) (847;53.2) (853;53.2) (859;53.1+63.1) (865;63.2) (871;63.2) (877;63.2) (883;63.1+64.1) (889;64.2) (895;64.2) (901;58.2) (907;52.2) (913;52.2) (919;8.2) (925;8.2) (931;30.2) (937;30.2) (943;30.2) (949;30.2) (955;30.1+68.1) (961;68.2) (967;68.2) (973;68.1+75.1) (979;75.2) (985;75.1+12.1) (991;12.2) (997;12.2) (1003;12.2) (1009;12.1+97.1) (1015;84.2) (1021;84.2) (1027;84.2) (1033;84.1+66.1) (1039;66.1+20.1) (1045;89.2) (1051;89.2) (1057;89.2) (1063;89.2) (1069;28.2) (1075;28.2) (1081;28.2) (1087;94.2) (1093;94.1+76.1) (1099;76.2) (1105;76.2) (1111;76.1+71.1) (1117;71.2) (1123;71.1+70.1) (1129;70.2) (1135;70.2) (1141;73.2) (1147;73.1+41.1) (1153;41.2) (1159;41.2) (1165;41.2) (1171;41.1+62.1) (1177;62.2) (1183;62.1+25.1) (1189;25.2) (1195;25.2) (1201;25.1+60.1) (1207;60.2) (1213;60.2) (1219;60.1+93.1) (1225;93.1+67.1) (1231;67.2) (1237;67.2) (1243;67.2) (1249;67.2) (1255;50.2) (1261;50.2) (1267;86.2) (1273;57.2) (1279;57.1+19.1) (1285;19.2) (1291;85.2) (1297;85.2) (1303;85.1+45.1) (1309;45.2) (1315;45.2) (1321;45.2) (1327;45.1+44.1) (1333;33.2) (1339;33.2) (1345;33.1+4.1) (1351;4.2) (1357;4.2) (1363;4.1+100.1) (1369;100.2) (1375;100.1+29.1) (1381;29.2) (1387;29.2) (1393;29.1+37.1) (1399;37.1)
(5;49.2+85.2) (9;82.4) (15;82.4) (17;93.3+54.1) (23;54.4) (24;54.2+70.2) (29;70.2+80.1+7.1) (33;7.1+29.3) (39;29.3+8.1) (41;8.2+43.1+22.1) (47;22.4) (48;22.1+98.3) (53;98.4) (57;98.2+84.2) (63;84.4) (65;84.1+9.2+76.1) (71;76.4) (72;76.4) (77;50.4) (81;50.1+41.3) (87;41.1+31.3) (89;57.1+42.3) (95;42.4) (96;42.1+37.3) (101;39.4) (105;2.4) (111;2.4) (113;2.1+35.1+92.2) (119;92.4) (120;86.4) (125;86.4) (129;86.1+97.3) (135;97.2+79.1+69.1) (137;69.3+30.1) (143;19.4) (144;19.4) (149;19.1+1.3) (153;1.4) (159;89.4) (161;89.4) (167;89.1+33.3) (168;33.4) (173;33.1+81.1+15.2) (177;15.4) (183;15.1+13.3) (185;13.1+6.3) (191;6.4) (192;6.2+14.2) (197;14.4) (201;14.3+40.1) (207;23.4) (209;67.4) (215;67.1+44.2+26.1) (216;26.4) (221;26.3+71.1) (225;71.1+74.3) (231;95.2+38.2) (233;38.4) (239;38.2+60.2) (240;60.3+65.1) (245;65.4) (249;65.4) (255;3.1+10.3) (257;10.4) (263;10.2+99.2) (264;59.4) (269;59.4) (273;59.1+61.3) (279;61.4) (281;36.4) (287;56.4) (288;56.2+88.2) (293;88.4) (297;88.1+62.3) (303;62.1+46.2+83.1) (305;78.4) (311;78.3+77.1) (312;77.4) (317;77.1+11.2+17.1) (321;17.2+64.1+73.1) (327;73.1+5.3) (329;5.1+96.3) (335;96.3+4.1) (336;4.4) (341;4.4) (345;100.4) (351;100.3+53.1) (353;53.2+25.2) (359;25.4) (360;25.2+58.1+87.1) (365;87.3+45.1) (369;45.3+68.1) (375;72.4) (377;72.4) (383;75.2+90.1+51.1) (384;51.4) (389;28.4) (392;28.3+47.1) (393;47.4) (396;47.4)
(2;57.1+11.1) (6;73.2) (10;49.2) (14;49.2) (18;49.2) (22;49.1+86.1) (26;86.2) (30;86.2) (34;40.2) (38;40.2) (42;78.1+29.1) (46;29.2) (50;29.1+20.1) (54;20.2) (58;20.2) (62;20.2) (66;20.2) (70;89.2) (74;89.2) (78;89.1+62.1) (82;62.2) (86;62.2) (90;62.1+91.1) (94;91.2) (98;91.2) (102;34.2) (106;34.2) (110;34.2) (114;38.2) (118;38.2) (122;38.2) (126;41.2) (130;41.1+2.1) (134;2.2) (138;2.1+59.1) (142;59.2) (146;59.2) (150;59.2) (154;59.2) (158;87.1+68.1) (162;68.2) (166;68.2) (170;68.2) (174;68.2) (178;43.2) (182;43.2) (186;43.2) (190;43.2) (194;43.1+93.1) (198;93.1+21.1) (202;21.2) (206;21.2) (210;76.2) (214;76.2) (218;76.2) (222;84.1+15.1) (226;15.2) (230;15.2) (234;44.2) (238;44.2) (242;44.1+4.1) (246;4.2) (250;4.1+92.1) (254;92.2) (258;92.1+9.1) (262;9.2) (266;9.1+77.1) (270;77.2) (274;77.2) (278;32.2) (282;32.1+51.1) (286;51.2) (290;51.2) (294;51.2) (298;51.1+10.1) (302;10.2) (306;10.2) (310;74.2) (314;74.1+25.1) (318;25.2) (322;25.2) (326;25.2) (330;25.2) (334;35.2) (338;35.2) (342;35.1+63.1) (346;63.2) (350;63.1+66.1) (354;50.1+58.1) (358;58.2) (362;58.2) (366;58.2) (370;58.1+12.1) (374;12.2) (378;37.2) (382;37.2) (386;37.1+6.1) (390;6.2) (394;6.1+39.1) (398;39.2) (402;39.2) (406;39.2) (410;39.1+47.1) (414;47.2) (418;47.1+90.1) (422;90.2) (426;75.2) (430;75.1+45.1) (434;45.2) (438;45.1+36.1) (442;36.2) (446;36.2) (450;36.2) (454;36.1+8.1) (458;33.2) (462;33.2) (466;33.1+23.1) (470;23.2) (474;23.2) (478;23.2) (482;42.2) (486;42.2) (490;42.1+24.1) (494;24.2) (498;24.2) (502;24.1+99.1) (506;99.2) (510;100.2) (514;100.2) (518;100.1+28.1) (522;28.2) (526;28.2) (530;28.2) (534;28.2) (538;13.1+79.1) (542;79.1+27.1) (546;27.2) (550;88.2) (554;88.2) (558;30.2) (562;30.2) (566;26.2) (570;26.2) (574;26.2) (578;26.2) (582;95.2) (586;95.2) (590;95.2) (594;95.1+16.1) (598;16.2) (602;16.2) (606;16.1+70.1) (610;70.2) (614;70.1+82.1) (618;82.2) (622;82.2) (626;82.2) (630;22.2) (634;22.1+48.1) (638;46.2) (642;46.2) (646;65.2) (650;65.2) (654;65.2) (658;65.2) (662;96.2) (666;96.2) (670;17.2) (674;17.1+85.1) (678;85.2) (682;85.2) (686;72.2) (690;72.2) (694;72.2) (698;72.2) (702;72.1+5.1) (706;5.2) (710;5.2) (714;5.1+64.1) (718;64.2) (722;19.2) (726;19.2) (730;19.2) (734;19.2) (738;19.1+71.1) (742;71.2) (746;71.2) (750;71.2) (754;71.1+31.1) (758;7.2) (762;80.2) (766;80.2) (770;53.2) (774;53.2) (778;53.2) (782;53.1+98.1) (786;98.2) (790;98.2) (794;98.1+14.1) (798;14.2) (802;14.2) (806;14.2) (810;14.2) (814;54.2) (818;54.2) (822;54.2) (826;54.1+81.1) (830;81.2) (834;81.2) (838;81.2) (842;81.1+67.1) (846;67.2) (850;67.2) (854;67.1)
(3;86.4+84.2) (11;84.6) (20;17.5+23.1) (27;23.3+54.1+40.2) (35;40.2+75.1+37.3) (44;37.6) (51;97.5+61.1) (59;22.5+64.1) (68;79.6) (75;79.2+25.2+2.2) (83;21.4+4.2) (92;4.1+83.5) (99;83.3+62.3) (107;62.4+36.2) (116;36.1+1.5) (123;31.6) (131;31.1+69.1+13.4) (140;27.1+94.1+41.4) (147;74.5+57.1) (155;57.2+11.1+51.3) (164;51.3+90.3) (171;90.1+46.5) (179;46.3+92.1+15.2) (188;15.6) (195;91.5+78.1) (203;78.6) (212;49.3+100.3) (219;100.3+70.3) (227;70.3+88.3) (236;48.4+60.2) (243;60.1+76.5) (251;76.3+82.3) (260;82.2+29.1+77.1+59.2) (267;59.6) (275;66.3+56.3) (284;56.3+38.2+53.1) (291;53.6) (299;71.5+43.1) (308;43.5+24.1) (315;24.6) (323;24.1+8.5) (332;8.4+44.2) (339;44.4+99.2) (347;99.6) (356;18.6) (363;18.3+19.3) (371;19.4+68.2) (380;68.6) (387;68.1+73.5) (395;47.1+67.1+95.3+87.1) (404;87.6) (411;87.2+26.4) (419;26.4+30.2) (428;55.1+52.2+63.3) (435;63.2+42.4) (443;42.4+28.1+98.1) (452;98.5+20.1) (459;20.1+5.5) (467;5.2+12.2+16.2) (476;16.3+6.2+45.1) (483;45.1+72.5) (491;72.2+10.1+14.3) (500;14.6) (507;85.3+35.3) (515;35.2+58.4) (524;58.4+50.2) (531;80.4+39.1+3.1) (539;3.4)
(4;71.3+34.3) (8;34.5+100.1) (12;100.6) (16;100.2+5.2+27.2) (21;27.1+21.4+66.1) (28;20.4+7.2) (32;7.3+63.2+3.1) (36;43.6) (40;43.2+18.4) (45;18.3+40.1+96.2) (52;96.1+41.4+60.1) (56;60.3+38.3) (60;38.5+97.1) (64;97.6) (69;76.6) (76;76.2+59.4) (80;59.3+14.3) (84;14.4+12.1+84.1) (88;84.6) (93;84.2+9.1+31.3) (100;31.5+25.1) (104;25.2+24.4) (108;24.1+17.5) (112;17.1+73.5) (117;73.2+86.4) (124;62.6) (128;62.1+51.2+22.3) (132;22.5+29.1) (136;29.6) (141;29.2+90.4) (148;90.5+99.1) (152;99.1+42.5) (156;42.3+98.3) (160;98.3+57.3) (165;57.2+6.4) (172;6.4+52.2) (176;52.3+88.3) (180;88.1+80.5) (184;80.3+61.3) (189;10.6) (196;10.1+93.3+36.2) (200;36.2+83.3+35.1) (204;35.6) (208;35.1+56.5) (213;56.1+89.3+44.2) (220;44.6) (224;23.4+50.2) (228;50.3+55.3) (232;55.5+69.1) (237;77.6) (244;77.1+16.5) (248;16.3+74.3) (252;74.3+1.3) (256;1.5+94.1) (261;94.6) (268;37.4+13.2) (272;13.5+70.1) (276;70.1+92.5) (280;33.6) (285;85.6) (292;85.2+67.4) (296;67.5+47.1) (300;47.4+15.2) (304;15.4+75.2) (309;75.6) (316;75.1+91.3+48.2) (320;48.2+64.4) (324;64.3+81.3) (328;81.4+30.2) (333;30.6) (340;26.5+8.1) (344;8.4+87.2) (348;87.4+39.2) (352;39.4+72.1+78.1) (357;19.6) (364;19.3+4.1+28.2) (368;49.6) (372;45.1+65.4+79.1) (376;79.5+2.1) (381;2.1+82.5) (388;82.2)
