1 // s
4 // m
100 // n

// p, q, a
3 2 0 // M1
6 5 0 // M2
2 6 0 // M3
7 3 0 // M4

// M1 M2 M3 M4 M5
2 1 3 2 // J1
9 8 9 5 // J2
8 3 5 4 // J3
3 3 4 8 // J4
2 0 2 8 // J5
8 3 3 2 // J6
4 7 7 3 // J7
3 4 4 3 // J8
9 7 5 4 // J9
9 9 2 2 // J10
5 0 4 6 // J11
1 4 7 9 // J12
5 7 1 1 // J13
2 8 2 8 // J14
7 1 7 1 // J15
1 6 1 3 // J16
9 2 5 6 // J17
7 0 8 2 // J18
8 0 2 8 // J19
9 7 0 0 // J20
9 7 7 6 // J21
3 2 0 0 // J22
5 6 7 8 // J23
1 0 0 9 // J24
8 0 7 8 // J25
8 1 1 4 // J26
8 8 3 2 // J27
6 3 8 0 // J28
0 7 2 4 // J29
8 5 0 6 // J30
2 4 1 1 // J31
2 0 1 8 // J32
9 3 0 9 // J33
9 1 1 7 // J34
5 2 8 4 // J35
9 7 4 1 // J36
7 7 7 4 // J37
7 6 0 3 // J38
9 0 6 4 // J39
0 0 2 7 // J40
7 5 2 3 // J41
3 9 0 8 // J42
5 4 8 5 // J43
6 6 7 5 // J44
0 9 3 5 // J45
2 6 0 2 // J46
2 7 0 9 // J47
5 7 6 4 // J48
0 0 6 4 // J49
4 1 7 8 // J50
7 9 9 3 // J51
8 4 6 2 // J52
3 1 3 0 // J53
7 6 5 1 // J54
4 0 0 5 // J55
9 1 2 7 // J56
7 3 5 6 // J57
0 3 0 9 // J58
1 4 8 3 // J59
7 7 4 7 // J60
0 7 6 4 // J61
4 6 7 4 // J62
5 5 9 4 // J63
0 1 9 5 // J64
6 1 5 4 // J65
9 9 2 9 // J66
0 4 8 3 // J67
8 1 3 7 // J68
5 3 5 1 // J69
5 8 3 1 // J70
6 0 1 4 // J71
3 6 8 0 // J72
4 2 7 6 // J73
1 0 7 0 // J74
4 6 4 9 // J75
7 4 5 3 // J76
1 1 9 7 // J77
6 8 0 7 // J78
7 3 8 8 // J79
8 7 6 4 // J80
6 8 8 5 // J81
4 7 6 4 // J82
5 4 7 9 // J83
4 4 4 2 // J84
5 8 2 2 // J85
6 0 3 6 // J86
1 9 8 7 // J87
2 8 2 6 // J88
9 9 3 8 // J89
5 0 8 4 // J90
5 4 2 2 // J91
0 1 3 3 // J92
9 6 3 0 // J93
5 3 7 5 // J94
5 2 3 4 // J95
9 8 2 6 // J96
1 0 9 4 // J97
0 6 6 4 // J98
9 8 7 2 // J99
8 0 5 0 // J100

(2;23.2) (5;23.2) (9;23.1+31.1) (12;31.1+1.1) (16;1.1+55.1) (19;55.2) (23;55.1+52.1) (26;52.2) (30;52.2) (33;52.2) (37;52.1+33.1) (40;33.2) (44;33.2) (47;33.2) (51;33.2) (54;39.2) (58;39.2) (61;39.2) (65;39.2) (68;39.1+22.1) (72;22.2) (75;6.2) (79;6.2) (82;6.2) (86;6.2) (89;11.2) (93;11.2) (96;11.1+18.1) (100;18.2) (103;18.2) (107;18.2) (110;89.2) (114;89.2) (117;89.2) (121;89.2) (124;89.1+44.1) (128;44.2) (131;44.2) (135;44.1+15.1) (138;15.2) (142;15.2) (145;15.2) (149;10.2) (152;10.2) (156;10.2) (159;10.2) (163;10.1+76.1) (166;76.2) (170;76.2) (173;76.2) (177;5.2) (180;8.2) (184;8.1+73.1) (187;73.2) (191;73.1+56.1) (194;56.2) (198;56.2) (201;56.2) (205;56.2) (208;12.1+26.1) (212;26.2) (215;26.2) (219;26.2) (222;26.1+94.1) (226;94.2) (229;94.2) (233;59.1+9.1) (236;9.2) (240;9.2) (243;9.2) (247;9.2) (250;75.2) (254;75.2) (257;36.2) (261;36.2) (264;36.2) (268;36.2) (271;36.1+17.1) (275;17.2) (278;17.2) (282;17.2) (285;17.2) (289;74.1+72.1) (292;72.2) (296;2.2) (299;2.2) (303;2.2) (306;2.2) (310;2.1+87.1) (313;41.2) (317;41.2) (320;41.2) (324;41.1+43.1) (327;43.2) (331;43.2) (334;3.2) (338;3.2) (341;3.2) (345;3.2) (348;37.2) (352;37.2) (355;37.2) (359;37.1+35.1) (362;35.2) (366;35.2) (369;77.1+60.1) (373;60.2) (376;60.2) (380;60.2) (383;34.2) (387;34.2) (390;34.2) (394;34.2) (397;34.1+96.1) (401;96.2) (404;96.2) (408;96.2) (411;96.2) (415;47.2) (418;83.2) (422;83.2) (425;83.1+20.1) (429;20.2) (432;20.2) (436;20.2) (439;20.2) (443;24.1+79.1) (446;79.2) (450;79.2) (453;79.2) (457;65.2) (460;65.2) (464;65.2) (467;51.2) (471;51.2) (474;51.2) (478;51.1+16.1) (481;81.2) (485;81.2) (488;81.2) (492;14.2) (495;66.2) (499;66.2) (502;66.2) (506;66.2) (509;66.1+80.1) (513;80.2) (516;80.2) (520;80.2) (523;80.1+85.1) (527;85.2) (530;85.2) (534;54.2) (537;54.2) (541;54.2) (544;54.1+95.1) (548;95.2) (551;95.2) (555;71.2) (558;71.2) (562;71.2) (565;69.2) (569;69.2) (572;69.1+97.1) (576;78.2) (579;78.2) (583;78.2) (586;57.2) (590;57.2) (593;57.2) (597;57.1+90.1) (600;90.2) (604;90.2) (607;93.2) (611;93.2) (614;93.2) (618;93.2) (621;93.1+62.1) (625;62.2) (628;62.1+63.1) (632;63.2) (635;63.2) (639;25.2) (642;25.2) (646;25.2) (649;25.2) (653;68.2) (656;68.2) (660;68.2) (663;68.2) (667;42.2) (670;42.1+21.1) (674;21.2) (677;21.2) (681;21.2) (684;21.2) (688;28.2) (691;28.2) (695;28.2) (698;30.2) (702;30.2) (705;30.2) (709;30.2) (712;53.2) (716;53.1+4.1) (719;4.2) (723;7.2) (726;7.2) (730;82.2) (733;82.2) (737;100.2) (740;100.2) (744;100.2) (747;100.2) (751;46.2) (754;19.2) (758;19.2) (761;19.2) (765;19.2) (768;48.2) (772;48.2) (775;48.1+86.1) (779;86.2) (782;86.2) (786;86.1+32.1) (789;32.1+38.1) (793;38.2) (796;38.2) (800;38.2) (803;84.2) (807;84.2) (810;50.2) (814;50.2) (817;91.2) (821;91.2) (824;91.1+13.1) (828;13.2) (831;13.2) (835;27.2) (838;27.2) (842;27.2) (845;27.2) (849;99.2) (852;99.2) (856;99.2) (859;99.2) (863;99.1+70.1) (866;70.2) (870;70.2) (873;88.2)
(3;8.4+41.1) (10;41.4+91.1) (17;91.3+67.2) (24;67.2+36.3) (31;36.4+95.1) (38;95.1+9.4) (45;9.3+7.2) (52;7.5) (59;99.5) (66;99.3+83.2) (73;83.2+72.3) (80;72.3+61.2) (87;61.5) (94;4.3+26.1+37.1) (101;37.5) (108;37.1+94.3+77.1) (115;75.5) (122;75.1+29.4) (129;29.3+44.2) (136;44.4+80.1) (143;80.5) (150;80.1+68.1+63.3) (157;63.2+1.1+3.2) (164;3.1+52.4) (171;14.5) (178;14.3+34.1+43.1) (185;43.3+21.2) (192;21.5) (199;98.5) (206;98.1+81.4) (213;81.4+20.1) (220;20.5) (227;20.1+13.4) (234;13.3+23.2) (241;23.4+66.1) (248;66.5) (255;66.3+42.2) (262;42.5) (269;42.2+10.3) (276;10.5) (283;10.1+76.4) (290;53.1+17.2+31.2) (297;31.2+28.3) (304;87.5) (311;87.4+35.1) (318;35.1+84.4) (325;50.1+82.4) (332;82.3+45.2) (339;45.5) (346;45.2+65.1+6.2) (353;6.1+54.4) (360;54.2+38.3) (367;38.3+33.2) (374;33.1+59.4) (381;58.3+12.2) (388;12.2+27.3) (395;27.5) (402;30.5) (409;93.5) (416;93.1+78.4) (423;78.4+16.1) (430;16.5) (437;89.5) (444;89.4+57.1) (451;57.2+60.3) (458;60.4+47.1) (465;47.5) (472;47.1+2.4) (479;2.4+69.1) (486;69.2+48.3) (493;48.4+62.1) (500;62.5) (507;22.2+73.2+79.1) (514;79.2+96.3) (521;96.5) (528;15.1+51.4) (535;51.5) (542;88.5) (549;88.3+70.2) (556;70.5) (563;70.1+92.1+46.3) (570;46.3+64.1+85.1) (577;85.5) (584;85.2+56.1)
(4;65.5+91.1) (6;91.1+63.5) (11;63.4+71.1+23.1) (13;23.6) (18;37.6) (20;37.1+57.5) (25;49.6) (27;35.6) (32;35.2+92.3+60.1) (34;60.3+25.3) (39;25.4+36.2) (41;36.2+3.4) (46;3.1+85.2+51.3) (48;51.6) (53;70.3+2.3) (55;2.6) (60;77.6) (62;77.3+40.2+81.1) (67;81.6) (69;81.1+72.5) (74;72.3+11.3) (76;11.1+90.5) (81;90.3+45.3) (83;13.1+28.5) (88;28.3+99.3) (90;99.4+52.2) (95;52.4+88.2) (97;18.6) (102;18.2+89.3+39.1) (104;39.5+87.1) (109;87.6) (111;87.1+53.3+1.2) (116;1.1+79.5) (118;79.3+86.3) (123;17.5+48.1) (125;48.5+43.1) (130;43.6) (132;43.1+21.5) (137;21.2+19.2+34.1+95.1) (139;95.2+7.4) (144;7.3+66.2+54.1) (146;54.4+14.2) (151;82.6) (153;27.3+41.2+64.1) (158;64.6) (160;64.2+83.4) (165;83.3+4.3) (167;4.1+50.5) (172;50.2+67.4) (174;67.4+29.2) (179;31.1+61.5) (181;61.1+96.2+76.3) (186;76.2+26.1+15.3) (188;15.4+94.2) (193;94.5+73.1) (195;73.6) (200;100.5+93.1) (202;93.2+74.4) (207;74.3+62.3) (209;62.4+84.2) (214;84.2+10.2+69.2) (216;69.3+75.3) (221;75.1+9.5) (223;97.6) (228;97.3+12.3) (230;12.4+98.2) (235;98.4+56.2) (237;44.6) (242;44.1+5.2+80.3) (244;80.3+32.1+16.1+6.1) (249;6.2+68.3+59.1) (251;59.6) (256;59.1+8.4)
(1;57.3) (8;57.3) (15;59.3) (22;38.3) (29;37.3) (36;37.1+31.1+66.1) (43;66.3) (50;66.3) (57;66.2+24.1) (64;24.3) (71;24.3) (78;24.2+26.1) (85;26.3) (92;41.3) (99;60.3) (106;60.3) (113;60.1+16.2) (120;16.1+45.2) (127;45.3) (134;35.3) (141;35.1+97.2) (148;97.2+94.1) (155;94.3) (162;94.1+56.2) (169;56.3) (176;56.2+25.1) (183;25.3) (190;25.3) (197;25.1+76.2) (204;76.1+95.2) (211;95.2+47.1) (218;47.3) (225;47.3) (232;47.2+73.1) (239;73.3) (246;73.2+1.1) (253;1.1+88.2) (260;88.3) (267;88.1+67.2) (274;67.1+75.2) (281;75.3) (288;75.3) (295;75.1+84.2) (302;7.3) (309;19.3) (316;19.3) (323;19.2+87.1) (330;87.3) (337;87.3) (344;32.3) (351;32.3) (358;32.2+71.1) (365;71.3) (372;55.3) (379;55.2+65.1) (386;65.3) (393;48.3) (400;48.1+92.2) (407;92.1+91.2) (414;29.3) (421;29.1+61.2) (428;61.2+39.1) (435;39.3) (442;17.3) (449;17.3) (456;46.2+6.1) (463;6.1+34.2) (470;34.3) (477;34.2+69.1) (484;63.3) (491;63.1+36.1+78.1) (498;78.3) (505;78.3) (512;8.3) (519;12.3) (526;12.3) (533;12.3) (540;5.3) (547;5.3) (554;5.2+3.1) (561;3.3) (568;13.1+81.2) (575;81.3) (582;58.3) (589;58.3) (596;58.3) (603;43.3) (610;43.2+68.1) (617;68.3) (624;68.3) (631;44.3) (638;44.2+11.1) (645;11.3) (652;11.2+98.1) (659;98.3) (666;79.3) (673;79.3) (680;79.2+62.1) (687;62.3) (694;70.1+83.2) (701;83.3) (708;83.3) (715;83.1+18.2) (722;33.3) (729;33.3) (736;33.3) (743;49.3) (750;49.1+40.2) (757;40.3) (764;40.2+30.1) (771;30.3) (778;30.2+90.1) (785;90.3) (792;99.2+23.1) (799;23.3) (806;23.3) (813;23.1+85.2) (820;42.3) (827;42.3) (834;42.2+21.1) (841;21.3) (848;21.2+86.1) (855;86.3) (862;86.2+77.1) (869;77.3) (876;77.3) (883;9.3) (890;9.1+4.2) (897;4.3) (904;4.3) (911;51.3) (918;89.3) (925;89.3) (932;89.2+64.1) (939;64.3) (946;64.1+96.2) (953;96.3) (960;96.1+2.2) (967;2.3) (974;15.1+27.2) (981;54.1+52.2) (988;50.3) (995;50.3) (1002;50.2+82.1) (1009;82.3) (1016;80.3) (1023;80.1+14.2) (1030;14.3) (1037;14.3) (1044;10.2)
