1 // s
4 // m
50 // n

// p, q, a
4 3 0 // M1
6 3 0 // M2
2 2 0 // M3
9 3 0 // M4

// M1 M2 M3 M4 M5
6 6 9 8 // J1
3 0 5 1 // J2
4 5 1 5 // J3
1 7 5 1 // J4
8 4 2 6 // J5
5 9 7 1 // J6
5 1 3 8 // J7
1 9 9 7 // J8
2 1 2 5 // J9
4 9 3 4 // J10
9 6 0 7 // J11
0 7 4 6 // J12
5 5 3 7 // J13
7 3 6 7 // J14
8 7 2 1 // J15
7 6 0 5 // J16
5 4 3 0 // J17
4 0 6 8 // J18
0 8 7 9 // J19
9 0 1 8 // J20
6 6 2 5 // J21
5 2 9 9 // J22
4 5 6 7 // J23
7 1 6 3 // J24
5 4 1 6 // J25
4 4 2 5 // J26
8 4 7 9 // J27
5 7 7 8 // J28
6 3 5 1 // J29
3 4 0 3 // J30
4 3 5 8 // J31
3 9 1 8 // J32
2 4 4 4 // J33
8 5 3 1 // J34
4 7 7 0 // J35
4 0 3 7 // J36
7 8 1 3 // J37
6 4 9 0 // J38
4 8 1 1 // J39
9 3 2 9 // J40
2 8 7 1 // J41
2 3 0 0 // J42
0 3 6 6 // J43
7 0 8 4 // J44
9 7 0 4 // J45
7 8 1 7 // J46
4 3 0 0 // J47
3 2 2 0 // J48
4 7 7 5 // J49
3 2 4 4 // J50

(3;1.3) (7;1.3) (11;2.3) (15;3.3) (21;3.1+4.1+5.1) (25;5.3) (29;5.3) (33;5.1+6.2) (39;6.3) (43;7.3) (47;7.2+8.1) (51;9.2+10.1) (57;10.3) (61;11.3) (65;11.3) (69;11.3) (75;13.3) (79;13.2+14.1) (83;14.3) (87;14.3) (93;15.3) (97;15.3) (101;15.2+16.1) (105;16.3) (111;16.3) (115;17.3) (119;17.2+18.1) (123;18.3) (129;20.3) (133;20.3) (137;20.3) (141;21.3) (147;21.3) (151;22.3) (155;22.2+23.1) (159;23.3) (165;24.3) (169;24.3) (173;24.1+25.2) (177;25.3) (183;26.3) (187;26.1+27.2) (191;27.3) (195;27.3) (201;28.3) (205;28.2+29.1) (209;29.3) (213;29.2+30.1) (219;30.2+31.1) (223;31.3) (227;32.3) (231;33.2+34.1) (237;34.3) (241;34.3) (245;34.1+35.2) (249;35.2+36.1) (255;36.3) (259;37.3) (263;37.3) (267;37.1+38.2) (273;38.3) (277;38.1+39.2) (281;39.2+40.1) (285;40.3) (291;40.3) (295;40.2+41.1) (299;41.1+42.2) (303;44.3) (309;44.3) (313;44.1+45.2) (317;45.3) (321;45.3) (327;45.1+46.2) (331;46.3) (335;46.2+47.1) (339;47.3) (345;48.3) (349;49.3) (353;49.1+50.2) (357;50.1)
(2;1.3) (8;1.3) (14;3.3) (20;3.2+4.1) (26;4.3) (32;4.3) (38;5.3) (44;5.1+6.2) (50;6.3) (56;6.3) (62;6.1+7.1+8.1) (68;8.3) (74;8.3) (80;8.2+9.1) (86;10.3) (92;10.3) (98;10.3) (104;11.3) (110;11.3) (116;12.3) (122;12.3) (128;12.1+13.2) (134;13.3) (140;14.3) (146;15.3) (152;15.3) (158;15.1+16.2) (164;16.3) (170;16.1+17.2) (176;17.2+19.1) (182;19.3) (188;19.3) (194;19.1+21.2) (200;21.3) (206;21.1+22.2) (212;23.3) (218;23.2+24.1) (224;25.3) (230;25.1+26.2) (236;26.2+27.1) (242;27.3) (248;28.3) (254;28.3) (260;28.1+29.2) (266;29.1+30.2) (272;30.2+31.1) (278;31.2+32.1) (284;32.3) (290;32.3) (296;32.2+33.1) (302;33.3) (308;34.3) (314;34.2+35.1) (320;35.3) (326;35.3) (332;37.3) (338;37.3) (344;37.2+38.1) (350;38.3) (356;39.3) (362;39.3) (368;39.2+40.1) (374;40.2+41.1) (380;41.3) (386;41.3) (392;41.1+42.2) (398;42.1+43.2) (404;43.1+45.2) (410;45.3) (416;45.2+46.1) (422;46.3) (428;46.3) (434;46.1+47.2) (440;47.1+48.2) (446;49.3) (452;49.3) (458;49.1+50.2)
(4;1.2) (6;1.2) (9;1.2) (12;1.2) (16;1.1+2.1) (18;2.2) (22;2.2) (24;3.1+4.1) (27;4.2) (30;4.2) (34;5.2) (36;6.2) (40;6.2) (42;6.2) (45;6.1+7.1) (48;7.2) (52;8.2) (54;8.2) (58;8.2) (60;8.2) (63;8.1+9.1) (66;9.1+10.1) (70;10.2) (72;12.2) (76;12.2) (78;13.2) (81;13.1+14.1) (84;14.2) (88;14.2) (90;14.1+15.1) (94;15.1+17.1) (96;17.2) (99;18.2) (102;18.2) (106;18.2) (108;19.2) (112;19.2) (114;19.2) (117;19.1+20.1) (120;21.2) (124;22.2) (126;22.2) (130;22.2) (132;22.2) (135;22.1+23.1) (138;23.2) (142;23.2) (144;23.1+24.1) (148;24.2) (150;24.2) (153;24.1+25.1) (156;26.2) (160;27.2) (162;27.2) (166;27.2) (168;27.1+28.1) (171;28.2) (174;28.2) (178;28.2) (180;29.2) (184;29.2) (186;29.1+31.1) (189;31.2) (192;31.2) (196;32.1+33.1) (198;33.2) (202;33.1+34.1) (204;34.2) (207;35.2) (210;35.2) (214;35.2) (216;35.1+36.1) (220;36.2) (222;37.1+38.1) (225;38.2) (228;38.2) (232;38.2) (234;38.2) (238;39.1+40.1) (240;40.1+41.1) (243;41.2) (246;41.2) (250;41.2) (252;43.2) (256;43.2) (258;43.2) (261;44.2) (264;44.2) (268;44.2) (270;44.2) (274;46.1+48.1) (276;48.1+49.1) (279;49.2) (282;49.2) (286;49.2) (288;50.2) (292;50.2)
(1;1.3) (10;1.3) (19;1.2+2.1) (28;3.3) (37;3.2+4.1) (46;5.3) (55;5.3) (64;6.1+7.2) (73;7.3) (82;7.3) (91;8.3) (100;8.3) (109;8.1+9.2) (118;9.3) (127;10.3) (136;10.1+11.2) (145;11.3) (154;11.2+12.1) (163;12.3) (172;12.2+13.1) (181;13.3) (190;13.3) (199;14.3) (208;14.3) (217;14.1+15.1+16.1) (226;16.3) (235;16.1+18.2) (244;18.3) (253;18.3) (262;19.3) (271;19.3) (280;19.3) (289;20.3) (298;20.3) (307;20.2+21.1) (316;21.3) (325;21.1+22.2) (334;22.3) (343;22.3) (352;22.1+23.2) (361;23.3) (370;23.2+24.1) (379;24.2+25.1) (388;25.3) (397;25.2+26.1) (406;26.3) (415;26.1+27.2) (424;27.3) (433;27.3) (442;27.1+28.2) (451;28.3) (460;28.3) (469;29.1+30.2) (478;30.1+31.2) (487;31.3) (496;31.3) (505;32.3) (514;32.3) (523;32.2+33.1) (532;33.3) (541;34.1+36.2) (550;36.3) (559;36.2+37.1) (568;37.2+39.1) (577;40.3) (586;40.3) (595;40.3) (604;41.1+43.2) (613;43.3) (622;43.1+44.2) (631;44.2+45.1) (640;45.3) (649;46.3) (658;46.3) (667;46.1+49.2) (676;49.3) (685;50.3) (694;50.1)
