1 // s
5 // m
30 // n

// p, q, a
2 5 0 // M1
3 3 0 // M2
8 9 0 // M3
7 2 0 // M4
2 2 0 // M5

// M1 M2 M3 M4 M5 M6
8 4 3 1 9 // J1
4 8 1 3 3 // J2
1 3 3 9 6 // J3
6 9 1 1 2 // J4
3 5 3 9 1 // J5
5 4 0 5 1 // J6
1 7 4 8 1 // J7
7 4 4 9 8 // J8
1 4 2 7 7 // J9
8 0 3 5 1 // J10
9 4 9 9 7 // J11
3 0 3 9 4 // J12
9 7 5 2 2 // J13
3 8 4 7 8 // J14
2 5 2 3 0 // J15
8 2 6 2 2 // J16
4 0 5 4 2 // J17
6 8 5 0 7 // J18
7 1 4 5 8 // J19
4 8 0 5 3 // J20
9 5 6 7 9 // J21
3 2 5 8 9 // J22
1 4 1 6 9 // J23
8 2 1 0 6 // J24
5 3 4 9 1 // J25
0 0 6 4 6 // J26
0 1 0 8 3 // J27
8 4 8 5 8 // J28
3 2 6 1 6 // J29
2 9 7 5 9 // J30

(12;8.5) (26;8.2+20.3) (40;20.1+17.4) (54;19.5) (68;19.2+25.3) (77;25.2+14.3) (89;23.1+2.4) (98;13.5) (108;13.4+15.1) (112;15.1+3.1+9.1+12.2) (117;12.1+10.4) (119;10.4+11.1) (126;11.5) (131;11.3+4.2) (133;4.4+24.1) (138;24.5) (145;24.2+28.3) (147;28.5) (151;18.5) (154;18.1+16.4) (158;16.4+6.1) (161;6.4+21.1) (165;21.5) (167;21.3+5.2) (172;5.1+1.4) (175;1.4+7.1) (178;22.3+30.2) (181;29.3)
(3;7.3) (7;7.3) (10;7.1+21.2) (14;21.3) (17;20.3) (21;20.3) (24;20.2+4.1) (28;4.3) (31;4.3) (35;4.2+29.1) (38;29.1+30.2) (42;30.3) (45;30.3) (49;30.1+18.2) (52;18.3) (56;18.3) (59;15.3) (63;15.2+16.1) (66;16.1+6.2) (70;6.2+2.1) (75;2.3) (80;2.3) (84;2.1+11.2) (87;11.2+27.1) (91;3.3) (96;22.2+5.1) (101;5.3) (105;5.1+24.2) (110;28.3) (115;28.1+14.2) (122;14.3) (129;14.3) (136;13.3) (143;13.3) (150;13.1+19.1+9.1) (153;9.3) (160;23.3) (164;23.1+8.2) (170;8.2+25.1) (174;25.2+1.1) (180;1.3)
(5;29.6+18.3) (19;18.2+26.6+5.1) (33;5.2+12.3+4.1+8.3) (47;8.1+19.4+10.3+11.1) (61;11.8+7.1) (73;7.3+3.3+14.3) (82;14.1+28.8) (94;2.1+17.5+15.2+24.1) (103;23.1+1.3+22.5) (124;16.6+13.3) (140;13.2+21.6+25.1) (157;25.3+9.2+30.4) (171;30.3)
(1;14.2) (8;14.2) (15;14.2) (22;14.1+16.1) (29;16.1+22.1) (36;22.2) (43;22.2) (50;22.2) (57;22.1+1.1) (64;6.2) (71;6.2) (78;6.1+11.1) (85;11.2) (92;11.2) (99;11.2) (106;11.2) (113;12.2) (120;12.2) (127;12.2) (134;12.2) (141;12.1+3.1) (148;3.2) (155;3.2) (162;3.2) (169;3.2) (176;19.2) (183;19.2) (190;19.1+20.1) (197;20.2) (204;20.2) (211;25.2) (218;25.2) (225;25.2) (232;25.2) (239;25.1+27.1) (246;27.2) (253;27.2) (260;27.2) (267;27.1+15.1) (274;15.2) (281;10.2) (288;10.2) (295;10.1+30.1) (302;30.2) (309;30.2) (316;21.2) (323;21.2) (330;21.2) (337;21.1+7.1) (344;7.2) (351;7.2) (358;7.2) (365;7.1+28.1) (372;28.2) (379;28.2) (386;23.2) (393;23.2) (400;23.2) (407;29.1+4.1) (414;26.2) (421;26.2) (428;5.2) (435;5.2) (442;5.2) (449;5.2) (456;5.1+2.1) (463;2.2) (470;8.2) (477;8.2) (484;8.2) (491;8.2) (498;8.1+17.1) (505;17.2) (512;17.1+9.1) (519;9.2) (526;9.2) (533;9.2) (540;13.2)
(2;2.2) (4;2.1+7.1) (6;27.2) (9;27.1+3.1) (11;3.2) (13;3.2) (16;3.1+10.1) (18;14.2) (20;14.2) (23;14.2) (25;14.2) (27;26.2) (30;26.2) (32;26.2) (34;6.1+21.1) (37;21.2) (39;21.2) (41;21.2) (44;21.2) (46;18.2) (48;18.2) (51;18.2) (53;18.1+12.1) (55;12.2) (58;12.1+11.1) (60;11.2) (62;11.2) (65;11.2) (67;5.1+19.1) (69;19.2) (72;19.2) (74;19.2) (76;19.1+25.1) (79;17.2) (81;20.2) (83;20.1+28.1) (86;28.2) (88;28.2) (90;28.2) (93;28.1+8.1) (95;8.2) (97;8.2) (100;8.2) (102;8.1+30.1) (104;30.2) (107;30.2) (109;30.2) (111;30.2) (114;16.2) (116;24.2) (118;24.2) (121;24.2) (123;9.2) (125;9.2) (128;9.2) (130;9.1+23.1) (132;23.2) (135;23.2) (137;23.2) (139;23.2) (142;29.2) (144;29.2) (146;29.2) (149;4.2) (152;22.2) (156;22.2) (159;22.2) (163;22.2) (166;22.1+13.1) (168;13.1+1.1) (173;1.2) (177;1.2) (179;1.2) (182;1.2)
