1 // s
4 // m
20 // n

// p, q, a
5 6 0 // M1
1 8 0 // M2
7 2 0 // M3
9 6 0 // M4

// M1 M2 M3 M4 M5
3 1 5 4 // J1
9 1 1 2 // J2
1 5 6 7 // J3
8 7 3 7 // J4
0 0 7 8 // J5
3 8 4 5 // J6
4 8 6 7 // J7
1 1 3 0 // J8
8 8 7 1 // J9
0 0 9 1 // J10
1 0 5 8 // J11
6 9 9 6 // J12
1 3 8 5 // J13
2 1 2 4 // J14
7 9 9 1 // J15
4 4 0 0 // J16
2 6 8 0 // J17
0 2 6 9 // J18
1 5 6 3 // J19
3 5 8 4 // J20

(3;1.3+2.3) (9;2.6) (14;3.1+4.5) (19;4.3+6.3) (24;7.4+8.1+9.1) (31;9.6) (37;9.1+11.1+12.4) (42;12.2+13.1+14.2+15.1) (47;15.6) (52;16.4+17.2) (59;19.1+20.3)
(4;1.1+2.1+3.5+4.1) (5;4.6+6.2) (6;6.6+7.2) (7;7.6+8.1+9.1) (10;9.7+12.1) (12;12.8) (13;13.3+14.1+15.4) (16;15.5+16.3) (17;16.1+17.6+18.1) (18;18.1+19.5+20.2) (21;20.3)
(1;1.2) (8;1.2) (15;1.1+2.1) (22;3.2) (29;3.2) (36;3.2) (43;4.2) (50;4.1+5.1) (57;5.2) (64;5.2) (71;5.2) (78;6.2) (85;6.2) (92;7.2) (99;7.2) (106;7.2) (113;8.2) (120;8.1+9.1) (127;9.2) (134;9.2) (141;9.2) (148;10.2) (155;10.2) (162;10.2) (169;10.2) (176;10.1+11.1) (183;11.2) (190;11.2) (197;12.2) (204;12.2) (211;12.2) (218;12.2) (225;12.1+13.1) (232;13.2) (239;13.2) (246;13.2) (253;13.1+14.1) (260;14.1+15.1) (267;15.2) (274;15.2) (281;15.2) (288;15.2) (295;17.2) (302;17.2) (309;17.2) (316;17.2) (323;18.2) (330;18.2) (337;18.2) (344;19.2) (351;19.2) (358;19.2) (365;20.2) (372;20.2) (379;20.2) (386;20.2)
(2;1.4+2.2) (11;3.6) (20;3.1+4.5) (30;4.2+5.4) (39;5.4+6.2) (48;6.3+7.3) (58;7.4+9.1+10.1) (67;11.6) (76;11.2+12.4) (86;12.2+13.4) (95;13.1+14.4+15.1) (104;18.6) (114;18.3+19.3) (123;20.4)
