1 // s
2 // m
200 // n

// p, q, a
1 1 0 // M1
6 6 0 // M2

// M1 M2 M3
3 0 // J1
8 4 // J2
7 6 // J3
9 8 // J4
4 0 // J5
7 1 // J6
9 3 // J7
3 4 // J8
0 0 // J9
1 3 // J10
3 5 // J11
6 4 // J12
9 8 // J13
1 3 // J14
5 1 // J15
0 7 // J16
8 5 // J17
0 0 // J18
2 0 // J19
7 9 // J20
7 4 // J21
9 0 // J22
1 3 // J23
9 7 // J24
2 7 // J25
6 0 // J26
9 3 // J27
3 8 // J28
3 4 // J29
5 8 // J30
5 5 // J31
3 3 // J32
9 9 // J33
3 3 // J34
3 2 // J35
1 0 // J36
3 1 // J37
5 8 // J38
6 6 // J39
2 5 // J40
9 3 // J41
1 7 // J42
5 9 // J43
8 4 // J44
2 1 // J45
7 8 // J46
5 8 // J47
4 2 // J48
1 5 // J49
0 1 // J50
9 5 // J51
4 9 // J52
5 5 // J53
7 7 // J54
7 4 // J55
1 7 // J56
1 9 // J57
8 1 // J58
3 5 // J59
8 0 // J60
1 8 // J61
1 1 // J62
5 3 // J63
5 4 // J64
7 3 // J65
7 1 // J66
5 0 // J67
6 3 // J68
9 2 // J69
2 9 // J70
2 0 // J71
7 7 // J72
0 9 // J73
7 5 // J74
0 2 // J75
8 6 // J76
6 0 // J77
0 1 // J78
4 2 // J79
3 1 // J80
0 3 // J81
0 3 // J82
6 0 // J83
2 0 // J84
2 4 // J85
2 0 // J86
2 9 // J87
7 0 // J88
1 3 // J89
1 6 // J90
5 9 // J91
4 4 // J92
5 1 // J93
4 5 // J94
0 5 // J95
9 6 // J96
9 0 // J97
9 9 // J98
9 3 // J99
0 0 // J100
7 6 // J101
2 5 // J102
0 7 // J103
3 7 // J104
2 9 // J105
9 0 // J106
0 6 // J107
6 0 // J108
8 6 // J109
8 4 // J110
5 6 // J111
0 7 // J112
5 5 // J113
1 1 // J114
0 8 // J115
1 7 // J116
3 1 // J117
9 9 // J118
6 9 // J119
4 7 // J120
8 7 // J121
3 0 // J122
5 9 // J123
6 2 // J124
4 8 // J125
0 3 // J126
5 5 // J127
4 0 // J128
6 5 // J129
0 4 // J130
6 2 // J131
7 3 // J132
8 2 // J133
7 9 // J134
7 7 // J135
3 9 // J136
2 0 // J137
6 8 // J138
3 9 // J139
2 6 // J140
9 9 // J141
6 1 // J142
8 7 // J143
1 7 // J144
6 9 // J145
2 1 // J146
8 9 // J147
1 5 // J148
0 9 // J149
2 2 // J150
1 6 // J151
5 7 // J152
4 0 // J153
1 4 // J154
8 6 // J155
7 6 // J156
2 3 // J157
4 7 // J158
5 5 // J159
4 1 // J160
1 0 // J161
2 7 // J162
4 2 // J163
0 2 // J164
9 1 // J165
7 3 // J166
7 0 // J167
4 2 // J168
3 9 // J169
7 8 // J170
5 6 // J171
8 9 // J172
1 5 // J173
8 4 // J174
5 4 // J175
0 5 // J176
5 0 // J177
1 1 // J178
3 7 // J179
3 2 // J180
9 9 // J181
5 7 // J182
9 3 // J183
9 2 // J184
9 1 // J185
3 6 // J186
7 6 // J187
5 4 // J188
2 3 // J189
5 8 // J190
3 5 // J191
6 5 // J192
0 2 // J193
8 6 // J194
9 3 // J195
8 5 // J196
6 5 // J197
8 6 // J198
1 0 // J199
0 8 // J200

(1;175.1) (2;175.1) (3;175.1) (4;175.1) (5;175.1) (6;159.1) (7;159.1) (8;159.1) (9;159.1) (10;159.1) (11;15.1) (13;15.1) (14;15.1) (15;15.1) (16;15.1) (17;127.1) (18;127.1) (20;127.1) (21;127.1) (22;127.1) (23;190.1) (24;190.1) (25;190.1) (27;190.1) (28;190.1) (29;123.1) (30;123.1) (31;123.1) (32;123.1) (34;123.1) (35;188.1) (36;188.1) (37;188.1) (38;188.1) (39;188.1) (41;30.1) (42;30.1) (43;30.1) (44;30.1) (45;30.1) (46;31.1) (48;31.1) (49;31.1) (50;31.1) (51;31.1) (52;38.1) (53;38.1) (55;38.1) (56;38.1) (57;38.1) (58;113.1) (59;113.1) (60;113.1) (62;113.1) (63;113.1) (64;182.1) (65;182.1) (66;182.1) (67;182.1) (69;182.1) (70;43.1) (71;43.1) (72;43.1) (73;43.1) (74;43.1) (76;47.1) (77;47.1) (78;47.1) (79;47.1) (80;47.1) (81;177.1) (83;177.1) (84;177.1) (85;177.1) (86;177.1) (87;53.1) (88;53.1) (90;53.1) (91;53.1) (92;53.1) (93;63.1) (94;63.1) (95;63.1) (97;63.1) (98;63.1) (99;64.1) (100;64.1) (101;64.1) (102;64.1) (104;64.1) (105;67.1) (106;67.1) (107;67.1) (108;67.1) (109;67.1) (111;111.1) (112;111.1) (113;111.1) (114;111.1) (115;111.1) (116;171.1) (118;171.1) (119;171.1) (120;171.1) (121;171.1) (122;93.1) (123;93.1) (125;93.1) (126;93.1) (127;93.1) (128;91.1) (129;91.1) (130;91.1) (132;91.1) (133;91.1) (134;152.1) (135;152.1) (136;152.1) (137;152.1) (139;152.1) (140;83.1) (141;83.1) (142;83.1) (143;83.1) (144;83.1) (146;83.1) (147;197.1) (148;197.1) (149;197.1) (150;197.1) (151;197.1) (153;197.1) (154;12.1) (155;12.1) (156;12.1) (157;12.1) (158;12.1) (160;12.1) (161;108.1) (162;108.1) (163;108.1) (164;108.1) (165;108.1) (167;108.1) (168;68.1) (169;68.1) (170;68.1) (171;68.1) (172;68.1) (174;68.1) (175;39.1) (176;39.1) (177;39.1) (178;39.1) (179;39.1) (181;39.1) (182;119.1) (183;119.1) (184;119.1) (185;119.1) (186;119.1) (188;119.1) (189;77.1) (190;77.1) (191;77.1) (192;77.1) (193;77.1) (195;77.1) (196;124.1) (197;124.1) (198;124.1) (199;124.1) (200;124.1) (202;124.1) (203;192.1) (204;192.1) (205;192.1) (206;192.1) (207;192.1) (209;192.1) (210;129.1) (211;129.1) (212;129.1) (213;129.1) (214;129.1) (216;129.1) (217;131.1) (218;131.1) (219;131.1) (220;131.1) (221;131.1) (223;131.1) (224;138.1) (225;138.1) (226;138.1) (227;138.1) (228;138.1) (230;138.1) (231;142.1) (232;142.1) (233;142.1) (234;142.1) (235;142.1) (237;142.1) (238;145.1) (239;145.1) (240;145.1) (241;145.1) (242;145.1) (244;145.1) (245;26.1) (246;26.1) (247;26.1) (248;26.1) (249;26.1) (251;26.1) (252;101.1) (253;101.1) (254;101.1) (255;101.1) (256;101.1) (258;101.1) (259;101.1) (260;3.1) (261;3.1) (262;3.1) (263;3.1) (265;3.1) (266;3.1) (267;3.1) (268;66.1) (269;66.1) (270;66.1) (272;66.1) (273;66.1) (274;66.1) (275;66.1) (276;46.1) (277;46.1) (279;46.1) (280;46.1) (281;46.1) (282;46.1) (283;46.1) (284;187.1) (286;187.1) (287;187.1) (288;187.1) (289;187.1) (290;187.1) (291;187.1) (293;167.1) (294;167.1) (295;167.1) (296;167.1) (297;167.1) (298;167.1) (300;167.1) (301;20.1) (302;20.1) (303;20.1) (304;20.1) (305;20.1) (307;20.1) (308;20.1) (309;21.1) (310;21.1) (311;21.1) (312;21.1) (314;21.1) (315;21.1) (316;21.1) (317;74.1) (318;74.1) (319;74.1) (321;74.1) (322;74.1) (323;74.1) (324;74.1) (325;54.1) (326;54.1) (328;54.1) (329;54.1) (330;54.1) (331;54.1) (332;54.1) (333;55.1) (335;55.1) (336;55.1) (337;55.1) (338;55.1) (339;55.1) (340;55.1) (342;88.1) (343;88.1) (344;88.1) (345;88.1) (346;88.1) (347;88.1) (349;88.1) (350;132.1) (351;132.1) (352;132.1) (353;132.1) (354;132.1) (356;132.1) (357;132.1) (358;134.1) (359;134.1) (360;134.1) (361;134.1) (363;134.1) (364;134.1) (365;134.1) (366;135.1) (367;135.1) (368;135.1) (370;135.1) (371;135.1) (372;135.1) (373;135.1) (374;72.1) (375;72.1) (377;72.1) (378;72.1) (379;72.1) (380;72.1) (381;72.1) (382;166.1) (384;166.1) (385;166.1) (386;166.1) (387;166.1) (388;166.1) (389;166.1) (391;6.1) (392;6.1) (393;6.1) (394;6.1) (395;6.1) (396;6.1) (398;6.1) (399;65.1) (400;65.1) (401;65.1) (402;65.1) (403;65.1) (405;65.1) (406;65.1) (407;170.1) (408;170.1) (409;170.1) (410;170.1) (412;170.1) (413;170.1) (414;170.1) (415;156.1) (416;156.1) (417;156.1) (419;156.1) (420;156.1) (421;156.1) (422;156.1) (423;2.1) (424;2.1) (426;2.1) (427;2.1) (428;2.1) (429;2.1) (430;2.1) (431;2.1) (433;17.1) (434;17.1) (435;17.1) (436;17.1) (437;17.1) (438;17.1) (440;17.1) (441;17.1) (442;76.1) (443;76.1) (444;76.1) (445;76.1) (447;76.1) (448;76.1) (449;76.1) (450;76.1) (451;198.1) (452;198.1) (454;198.1) (455;198.1) (456;198.1) (457;198.1) (458;198.1) (459;198.1) (461;44.1) (462;44.1) (463;44.1) (464;44.1) (465;44.1) (466;44.1) (468;44.1) (469;44.1) (470;133.1) (471;133.1) (472;133.1) (473;133.1) (475;133.1) (476;133.1) (477;133.1) (478;133.1) (479;109.1) (480;109.1) (482;109.1) (483;109.1) (484;109.1) (485;109.1) (486;109.1) (487;109.1) (489;110.1) (490;110.1) (491;110.1) (492;110.1) (493;110.1) (494;110.1) (496;110.1) (497;110.1) (498;194.1) (499;194.1) (500;194.1) (501;194.1) (503;194.1) (504;194.1) (505;194.1) (506;194.1) (507;58.1) (508;58.1) (510;58.1) (511;58.1) (512;58.1) (513;58.1) (514;58.1) (515;58.1) (517;60.1) (518;60.1) (519;60.1) (520;60.1) (521;60.1) (522;60.1) (524;60.1) (525;60.1) (526;143.1) (527;143.1) (528;143.1) (529;143.1) (531;143.1) (532;143.1) (533;143.1) (534;143.1) (535;174.1) (536;174.1) (538;174.1) (539;174.1) (540;174.1) (541;174.1) (542;174.1) (543;174.1) (545;147.1) (546;147.1) (547;147.1) (548;147.1) (549;147.1) (550;147.1) (552;147.1) (553;147.1) (554;121.1) (555;121.1) (556;121.1) (557;121.1) (559;121.1) (560;121.1) (561;121.1) (562;121.1) (563;155.1) (564;155.1) (566;155.1) (567;155.1) (568;155.1) (569;155.1) (570;155.1) (571;155.1) (573;172.1) (574;172.1) (575;172.1) (576;172.1) (577;172.1) (578;172.1) (580;172.1) (581;172.1) (582;196.1) (583;196.1) (584;196.1) (585;196.1) (587;196.1) (588;196.1) (589;196.1) (590;196.1) (591;183.1) (592;183.1) (594;183.1) (595;183.1) (596;183.1) (597;183.1) (598;183.1) (599;183.1) (601;183.1) (602;165.1) (603;165.1) (604;165.1) (605;165.1) (606;165.1) (608;165.1) (609;165.1) (610;165.1) (611;165.1) (612;118.1) (613;118.1) (615;118.1) (616;118.1) (617;118.1) (618;118.1) (619;118.1) (620;118.1) (622;118.1) (623;99.1) (624;99.1) (625;99.1) (626;99.1) (627;99.1) (629;99.1) (630;99.1) (631;99.1) (632;99.1) (633;98.1) (634;98.1) (636;98.1) (637;98.1) (638;98.1) (639;98.1) (640;98.1) (641;98.1) (643;98.1) (644;97.1) (645;97.1) (646;97.1) (647;97.1) (648;97.1) (650;97.1) (651;97.1) (652;97.1) (653;97.1) (654;96.1) (655;96.1) (657;96.1) (658;96.1) (659;96.1) (660;96.1) (661;96.1) (662;96.1) (664;96.1) (665;69.1) (666;69.1) (667;69.1) (668;69.1) (669;69.1) (671;69.1) (672;69.1) (673;69.1) (674;69.1) (675;51.1) (676;51.1) (678;51.1) (679;51.1) (680;51.1) (681;51.1) (682;51.1) (683;51.1) (685;51.1) (686;181.1) (687;181.1) (688;181.1) (689;181.1) (690;181.1) (692;181.1) (693;181.1) (694;181.1) (695;181.1) (696;41.1) (697;41.1) (699;41.1) (700;41.1) (701;41.1) (702;41.1) (703;41.1) (704;41.1) (706;41.1) (707;141.1) (708;141.1) (709;141.1) (710;141.1) (711;141.1) (713;141.1) (714;141.1) (715;141.1) (716;141.1) (717;184.1) (718;184.1) (720;184.1) (721;184.1) (722;184.1) (723;184.1) (724;184.1) (725;184.1) (727;184.1) (728;185.1) (729;185.1) (730;185.1) (731;185.1) (732;185.1) (734;185.1) (735;185.1) (736;185.1) (737;185.1) (738;33.1) (739;33.1) (741;33.1) (742;33.1) (743;33.1) (744;33.1) (745;33.1) (746;33.1) (748;33.1) (749;27.1) (750;27.1) (751;27.1) (752;27.1) (753;27.1) (755;27.1) (756;27.1) (757;27.1) (758;27.1) (759;24.1) (760;24.1) (762;24.1) (763;24.1) (764;24.1) (765;24.1) (766;24.1) (767;24.1) (769;24.1) (770;22.1) (771;22.1) (772;22.1) (773;22.1) (774;22.1) (776;22.1) (777;22.1) (778;22.1) (779;22.1) (780;13.1) (781;13.1) (783;13.1) (784;13.1) (785;13.1) (786;13.1) (787;13.1) (788;13.1) (790;13.1) (791;195.1) (792;195.1) (793;195.1) (794;195.1) (795;195.1) (797;195.1) (798;195.1) (799;195.1) (800;195.1) (801;7.1) (802;7.1) (804;7.1) (805;7.1) (806;7.1) (807;7.1) (808;7.1) (809;7.1) (811;7.1) (812;4.1) (813;4.1) (814;4.1) (815;4.1) (816;4.1) (818;4.1) (819;4.1) (820;4.1) (821;4.1) (822;106.1) (823;106.1) (825;106.1) (826;106.1) (827;106.1) (828;106.1) (829;106.1) (830;106.1) (832;106.1) (833;104.1) (834;104.1) (835;104.1) (836;1.1) (837;1.1) (839;1.1) (840;8.1) (841;8.1) (842;8.1) (843;11.1) (844;11.1) (846;11.1) (847;28.1) (848;28.1) (849;28.1) (850;29.1) (851;29.1) (853;29.1) (854;32.1) (855;32.1) (856;32.1) (857;34.1) (858;34.1) (860;34.1) (861;35.1) (862;35.1) (863;35.1) (864;37.1) (865;37.1) (867;37.1) (868;186.1) (869;186.1) (870;186.1) (871;180.1) (872;180.1) (874;180.1) (875;59.1) (876;59.1) (877;59.1) (878;179.1) (879;179.1) (881;179.1) (882;80.1) (883;80.1) (884;80.1) (885;169.1) (886;169.1) (888;169.1) (889;139.1) (890;139.1) (891;139.1) (892;136.1) (893;136.1) (895;136.1) (896;117.1) (897;117.1) (898;117.1) (899;122.1) (900;122.1) (902;122.1) (903;191.1) (904;191.1) (905;191.1) (906;120.1) (907;120.1) (909;120.1) (910;120.1) (911;128.1) (912;128.1) (913;128.1) (914;128.1) (916;5.1) (917;5.1) (918;5.1) (919;5.1) (920;94.1) (921;94.1) (923;94.1) (924;94.1) (925;153.1) (926;153.1) (927;153.1) (928;153.1) (930;158.1) (931;158.1) (932;158.1) (933;158.1) (934;125.1) (935;125.1) (937;125.1) (938;125.1) (939;163.1) (940;163.1) (941;163.1) (942;163.1) (944;168.1) (945;168.1) (946;168.1) (947;168.1) (948;92.1) (949;92.1) (951;92.1) (952;92.1) (953;79.1) (954;79.1) (955;79.1) (956;79.1) (958;52.1) (959;52.1) (960;52.1) (961;52.1) (962;48.1) (963;48.1) (965;48.1) (966;48.1) (967;160.1) (968;160.1) (969;160.1) (970;160.1) (972;90.1) (973;89.1) (974;62.1) (975;61.1) (976;114.1) (977;57.1) (979;116.1) (980;56.1) (981;49.1) (982;144.1) (983;10.1) (984;42.1) (986;151.1) (987;154.1) (988;161.1) (989;36.1) (990;173.1) (991;23.1) (993;178.1) (994;14.1) (995;199.1) (996;148.1) (997;87.1) (998;87.1) (1000;19.1) (1001;19.1) (1002;40.1) (1003;40.1) (1004;45.1) (1005;45.1) (1007;70.1) (1008;70.1) (1009;71.1) (1010;71.1) (1011;84.1) (1012;84.1) (1014;85.1) (1015;85.1) (1016;86.1) (1017;86.1) (1018;25.1) (1019;25.1) (1021;102.1) (1022;102.1) (1023;105.1) (1024;105.1) (1025;137.1) (1026;137.1) (1028;140.1) (1029;140.1) (1030;146.1) (1031;146.1) (1032;150.1) (1033;150.1) (1035;157.1) (1036;157.1) (1037;162.1) (1038;162.1) (1039;189.1) (1040;189.1)
(12;37.1+93.1+185.1+142.1+160.1+117.1) (19;15.1+165.1+58.1+80.1+6.1+66.1) (26;163.2+133.2+48.2) (33;180.2+184.2+131.2) (40;35.2+124.2+79.2) (47;69.2+168.2+34.2) (54;34.1+68.3+166.2) (61;166.1+183.3+41.2) (68;41.1+99.3+63.2) (75;63.1+32.3+27.2) (82;27.1+195.3+7.2) (89;7.1+132.3+65.2) (96;65.1+12.4+188.1) (103;188.3+110.3) (110;110.1+175.4+174.1) (117;174.3+55.3) (124;55.1+21.4+44.1) (131;44.3+64.3) (138;64.1+2.4+196.1) (145;196.4+17.2) (152;17.3+74.3) (159;74.2+51.4) (166;51.1+96.5) (173;96.1+135.5) (180;135.2+24.4) (187;24.3+121.3) (194;121.4+182.2) (201;182.5+143.1) (208;143.6) (215;152.6) (222;152.1+54.5) (229;54.2+72.4) (236;72.3+170.3) (243;170.5+4.1) (250;4.6) (257;4.1+46.5) (264;46.3+13.3) (271;13.5+141.1) (278;141.6) (285;141.2+181.4) (292;181.5+33.1) (299;33.6) (306;33.2+98.4) (313;98.5+118.1) (320;118.6) (327;118.2+78.1+178.1+50.1+62.1) (334;146.1+45.1+114.1+75.2+150.1) (341;150.1+164.2+193.2+23.1) (348;23.2+126.3+10.1) (355;10.2+81.3+14.1) (362;14.2+89.3+82.1) (369;82.2+189.3+157.1) (376;157.2+92.4) (383;8.4+154.2) (390;154.2+130.4) (397;85.4+29.2) (404;29.2+11.4) (411;11.1+53.5) (418;59.5+191.1) (425;191.4+49.2) (432;49.3+197.3) (439;197.2+40.4) (446;40.1+94.5) (453;95.5+102.1) (460;102.4+192.2) (467;192.3+148.3) (474;148.2+159.4) (481;159.1+113.5) (488;31.5+173.1) (495;173.4+176.2) (502;176.3+127.3) (509;127.2+129.4) (516;129.1+3.5) (523;3.1+76.5) (530;76.1+194.5) (537;194.1+186.5) (544;186.1+107.5) (551;107.1+109.5) (558;109.1+111.5) (565;111.1+39.5) (572;39.1+90.5) (579;90.1+187.5) (586;187.1+140.5) (593;140.1+171.5) (600;171.1+156.5) (607;156.1+151.5) (614;151.1+155.5) (621;155.1+101.5) (628;101.1+198.5) (635;198.1+158.5) (642;158.2+120.4) (649;120.3+162.3) (656;162.4+116.2) (663;116.5+144.1) (670;144.6) (677;112.6) (684;112.1+179.5) (691;179.2+104.4) (698;104.3+56.3) (705;56.4+42.2) (712;42.5+25.1) (719;25.6) (726;16.6) (733;16.1+103.5) (740;103.2+125.4) (747;125.4+47.2) (754;47.6) (761;200.6) (768;200.2+61.4) (775;61.4+30.2) (782;30.6) (789;190.6) (796;190.2+138.4) (803;138.4+28.2) (810;28.6) (817;38.6) (824;38.2+115.4) (831;115.4+149.2) (838;149.6) (845;149.1+145.5) (852;145.4+139.2) (859;139.6) (866;139.1+169.5) (873;169.4+136.2) (880;136.6) (887;136.1+172.5) (894;172.4+134.2) (901;134.6) (908;134.1+123.5) (915;123.4+119.2) (922;119.6) (929;119.1+147.5) (936;147.4+91.2) (943;91.6) (950;91.1+87.5) (957;87.4+73.2) (964;73.6) (971;73.1+70.5) (978;70.4+57.2) (985;57.6) (992;57.1+52.5) (999;52.4+43.2) (1006;43.6) (1013;43.1+20.5) (1020;20.4+105.2) (1027;105.6) (1034;105.1)
