1 // s
4 // m
100 // n

// p, q, a
2 8 0 // M1
4 2 0 // M2
9 5 0 // M3
1 3 0 // M4

// M1 M2 M3 M4 M5
6 4 0 9 // J1
3 6 3 1 // J2
6 7 4 6 // J3
8 5 7 5 // J4
9 3 3 7 // J5
0 8 5 3 // J6
2 4 7 3 // J7
8 7 1 2 // J8
7 1 2 2 // J9
3 2 5 2 // J10
3 6 7 7 // J11
4 2 4 5 // J12
0 8 1 5 // J13
0 3 1 7 // J14
8 6 7 8 // J15
9 0 2 8 // J16
6 1 8 6 // J17
2 4 2 6 // J18
8 1 4 3 // J19
1 8 9 0 // J20
9 1 3 0 // J21
6 6 1 4 // J22
0 4 4 6 // J23
4 6 3 3 // J24
3 8 1 2 // J25
3 8 3 5 // J26
5 4 6 9 // J27
8 7 6 0 // J28
7 7 8 7 // J29
6 2 2 9 // J30
9 4 6 8 // J31
0 6 2 1 // J32
7 1 0 3 // J33
6 6 6 1 // J34
8 7 4 2 // J35
9 1 5 3 // J36
8 3 8 7 // J37
7 5 6 1 // J38
6 1 2 9 // J39
1 5 4 9 // J40
2 4 2 7 // J41
6 3 3 0 // J42
0 7 9 9 // J43
7 9 0 7 // J44
8 2 9 7 // J45
7 4 4 2 // J46
4 8 6 5 // J47
4 6 9 3 // J48
2 5 0 5 // J49
9 7 6 5 // J50
9 7 6 0 // J51
6 7 4 6 // J52
1 4 1 9 // J53
5 7 1 7 // J54
0 9 3 8 // J55
6 8 6 4 // J56
7 5 6 1 // J57
9 4 8 0 // J58
6 4 8 9 // J59
7 3 5 6 // J60
4 0 4 9 // J61
5 0 7 5 // J62
4 2 4 9 // J63
4 8 8 0 // J64
1 2 3 0 // J65
1 2 6 6 // J66
6 0 2 1 // J67
9 1 9 7 // J68
4 6 3 6 // J69
4 6 8 6 // J70
7 1 6 6 // J71
0 8 6 7 // J72
5 7 8 5 // J73
9 4 5 1 // J74
3 7 2 4 // J75
7 6 5 3 // J76
3 7 5 7 // J77
5 2 6 4 // J78
3 6 3 9 // J79
6 0 6 8 // J80
4 5 6 2 // J81
2 4 7 9 // J82
1 1 3 6 // J83
4 4 8 1 // J84
5 3 3 2 // J85
2 8 2 3 // J86
0 3 2 3 // J87
1 5 5 3 // J88
1 4 9 2 // J89
0 3 0 9 // J90
0 5 6 3 // J91
9 0 0 8 // J92
8 1 4 2 // J93
6 3 5 6 // J94
2 3 1 8 // J95
1 4 8 5 // J96
6 9 5 9 // J97
4 5 1 2 // J98
2 4 2 7 // J99
1 9 3 0 // J100

(70;69.4+7.2+54.2) (74;54.3+11.3+48.2) (79;48.2+51.6) (83;51.3+95.2+77.3) (88;74.8) (92;74.1+71.7) (98;31.8) (102;31.1+22.6+34.1) (107;34.5+9.3) (111;9.4+42.4) (116;42.2+99.2+68.4) (120;68.5+96.1+52.2) (126;52.4+73.4) (130;73.1+33.7) (135;94.6+21.2) (139;21.7+18.1) (144;18.1+24.4+38.3) (148;38.4+36.4) (154;36.5+50.3) (158;50.6+93.2) (163;93.6+86.2) (167;89.1+45.7) (172;45.1+65.1+79.3+100.1+47.2) (176;47.2+39.6) (182;84.4+63.4) (186;2.3+56.5) (191;56.1+3.6+67.1) (195;67.5+83.1+19.2) (200;19.6+46.2) (204;46.5+82.2+37.1) (210;37.7+29.1) (214;29.6+1.2) (219;1.4+4.4) (223;4.4+5.4) (228;5.5+64.3) (232;64.1+88.1+76.6) (238;76.1+85.5+49.2) (242;97.6+10.2) (247;10.1+41.2+57.5) (251;57.2+12.4+35.2) (256;35.6+53.1+66.1) (260;75.3+92.5) (266;92.4+26.3+20.1) (270;58.8) (275;58.1+59.6+40.1) (279;8.8) (284;27.5+25.3) (288;17.6+28.2) (294;28.6+61.2) (298;61.2+80.6) (303;60.7+81.1) (307;81.3+62.5) (312;98.4+16.4) (316;16.5+44.3) (322;44.4+70.4) (326;15.8) (331;78.5+30.3) (335;30.3)
(1;94.2) (5;94.1+11.1) (9;11.2) (13;11.2) (17;11.1+88.1) (21;88.2) (25;88.2) (29;38.2) (33;38.2) (37;38.1+45.1) (41;45.1+31.1) (45;31.2) (49;31.1+93.1) (53;91.2) (57;91.2) (61;91.1+90.1) (65;90.2) (69;97.2) (73;97.2) (77;97.2) (81;97.2) (85;97.1+39.1) (89;49.2) (93;49.2) (97;49.1+63.1) (101;63.1+43.1) (105;43.2) (109;43.2) (113;43.2) (117;56.2) (121;56.2) (125;56.2) (129;56.2) (133;99.2) (137;99.2) (141;14.2) (145;14.1+83.1) (149;2.2) (153;2.2) (157;2.2) (161;27.2) (165;27.2) (169;79.2) (173;79.2) (177;79.2) (181;53.2) (185;53.2) (189;54.2) (193;54.2) (197;54.2) (201;54.1+30.1) (205;30.1+37.1) (209;37.2) (213;66.2) (217;65.2) (221;26.2) (225;26.2) (229;26.2) (233;26.2) (237;69.2) (241;69.2) (245;69.2) (249;51.2) (253;51.2) (257;51.2) (261;51.1+77.1) (265;77.2) (269;77.2) (273;77.2) (277;47.2) (281;47.2) (285;47.2) (289;47.2) (293;20.2) (297;20.2) (301;20.2) (305;20.2) (309;24.2) (313;24.2) (317;24.2) (321;87.2) (325;87.1+70.1) (329;70.2) (333;70.2) (337;70.1+52.1) (341;52.2) (345;52.2) (349;52.2) (353;64.2) (357;64.2) (361;64.2) (365;64.2) (369;19.1+84.1) (373;84.2) (377;84.1+46.1) (381;46.2) (385;46.1+35.1) (389;35.2) (393;35.2) (397;35.2) (401;40.2) (405;40.2) (409;40.1+68.1) (413;78.2) (417;23.2) (421;23.2) (425;41.2) (429;41.2) (433;12.2) (437;71.1+81.1) (441;81.2) (445;81.2) (449;21.1+58.1) (453;58.2) (457;58.1+95.1) (461;95.2) (465;86.2) (469;86.2) (473;86.2) (477;86.2) (481;55.2) (485;55.2) (489;55.2) (493;55.2) (497;55.1+48.1) (501;48.2) (505;48.2) (509;48.1+85.1) (513;85.2) (517;7.2) (521;7.2) (525;74.2) (529;74.2) (533;6.2) (537;6.2) (541;6.2) (545;6.2) (549;25.2) (553;25.2) (557;25.2) (561;25.2) (565;9.1+76.1) (569;76.2) (573;76.2) (577;76.1+75.1) (581;75.2) (585;75.2) (589;75.2) (593;59.2) (597;59.2) (601;18.2) (605;18.2) (609;72.2) (613;72.2) (617;72.2) (621;72.2) (625;44.2) (629;44.2) (633;44.2) (637;44.2) (641;44.1+32.1) (645;32.2) (649;32.2) (653;32.1+100.1) (657;100.2) (661;100.2) (665;100.2) (669;100.2) (673;73.2) (677;73.2) (681;73.2) (685;73.1+98.1) (689;98.2) (693;98.2) (697;82.2) (701;82.2) (705;57.2) (709;57.2) (713;57.1+36.1) (717;42.2) (721;42.1+22.1) (725;22.2) (729;22.2) (733;22.1+4.1) (737;4.2) (741;4.2) (745;15.2) (749;15.2) (753;15.2) (757;10.2) (761;5.2) (765;5.1+13.1) (769;13.2) (773;13.2) (777;13.2) (781;13.1+3.1) (785;3.2) (789;3.2) (793;3.2) (797;60.2) (801;60.1+8.1) (805;8.2) (809;8.2) (813;8.2) (817;50.2) (821;50.2) (825;50.2) (829;50.1+28.1) (833;28.2) (837;28.2) (841;28.2) (845;1.2) (849;1.2) (853;29.2) (857;29.2) (861;29.2) (865;29.1+34.1) (869;34.2) (873;34.2) (877;34.1+89.1) (881;89.2) (885;89.1+96.1) (889;96.2) (893;96.1+17.1) (897;33.1)
(2;5.3+3.2) (11;3.2+11.3) (20;11.4+18.1) (30;18.1+63.4) (39;85.3+81.2) (48;81.4+65.1) (58;65.2+58.3) (67;58.5) (76;23.4+99.1) (86;99.1+67.2+70.2) (95;70.5) (104;70.1+29.4) (114;29.4+52.1) (123;52.3+6.2) (132;6.3+32.2) (142;96.5) (151;96.3+94.2) (160;94.3+71.2) (170;71.4+75.1) (179;75.1+100.3+88.1) (188;88.4+24.1) (198;24.2+8.1+12.2) (207;12.2+61.3) (216;61.1+15.4) (226;15.3+36.2) (235;36.3+17.2) (244;17.5) (254;17.1+48.4) (263;48.5) (272;68.5) (282;68.4+82.1) (291;82.5) (300;82.1+55.3+46.1) (310;46.3+31.2) (319;31.4+9.1) (328;9.1+79.3+59.1) (338;59.5) (347;59.2+86.2+60.1) (356;60.4+84.1) (366;84.5) (375;84.2+25.1+53.1+34.1) (384;34.5) (394;7.5) (403;7.2+13.1+97.2) (412;97.3+77.2) (422;77.3+56.2) (431;56.4+43.1) (440;43.5) (450;43.3+4.2) (459;4.5) (468;72.5) (478;72.1+87.2+21.2) (487;21.1+51.4) (496;51.2+14.1+42.2) (506;42.1+16.2+37.2) (515;37.5) (524;37.1+35.4) (534;19.4+95.1) (543;20.5) (552;20.4+80.1) (562;80.5) (571;74.5) (580;57.5) (590;57.1+10.4) (599;10.1+30.2+93.2) (608;93.2+73.3) (618;73.5) (627;62.5) (636;62.2+26.3) (646;27.5) (655;27.1+40.4) (664;66.5) (674;66.1+39.2+69.2) (683;69.1+47.4) (692;47.2+50.3) (702;50.3+64.2) (711;64.5) (720;64.1+78.4) (730;78.2+41.2+76.1) (739;76.4+38.1) (748;38.5) (758;28.5) (767;28.1+2.3+89.1) (776;89.5) (786;89.3+91.2) (795;91.4+83.1) (804;83.2+54.1+22.1+45.1) (814;45.5) (823;45.3+98.1)
(3;49.3) (4;49.2+84.1) (6;77.3) (7;77.3) (8;77.1+82.2) (10;82.3) (12;82.3) (14;82.1+59.2) (15;59.3) (16;59.3) (18;59.1+47.2) (19;47.3) (22;12.3) (23;12.2+91.1) (24;91.2+67.1) (26;63.3) (27;63.3) (28;63.3) (31;35.2+80.1) (32;80.3) (34;80.3) (35;80.1+37.2) (36;37.3) (38;37.2+9.1) (40;9.1+90.2) (42;90.3) (43;90.3) (44;90.1+69.2) (46;69.3) (47;69.1+75.2) (50;75.2+93.1) (51;93.1+32.1+68.1) (52;68.3) (54;68.3) (55;62.3) (56;62.2+45.1) (59;45.3) (60;45.3) (62;81.2+86.1) (63;86.2+2.1) (64;27.3) (66;27.3) (68;27.3) (71;18.3) (72;18.3) (75;66.3) (78;66.3) (80;44.3) (82;44.3) (84;44.1+13.2) (87;13.3) (90;15.3) (91;15.3) (94;15.2+38.1) (96;39.3) (99;39.3) (100;39.3) (103;36.3) (106;46.2+11.1) (108;11.3) (110;11.3) (112;96.3) (115;96.2+72.1) (118;72.3) (119;72.3) (122;22.3) (124;22.1+6.2) (127;6.1+88.2) (128;88.1+85.2) (131;4.3) (134;4.2+19.1) (136;19.2+79.1) (138;79.3) (140;79.3) (143;79.2+53.1) (146;53.3) (147;53.3) (150;53.2+30.1) (152;30.3) (155;30.3) (156;30.2+61.1) (159;61.3) (162;61.3) (164;61.2+17.1) (166;17.3) (168;17.2+94.1) (171;94.3) (174;94.2+83.1) (175;83.3) (178;83.2+43.1) (180;43.3) (183;43.3) (184;43.2+3.1) (187;3.3) (190;3.2+24.1) (192;24.2+56.1) (194;56.3) (196;71.3) (199;71.3) (202;8.2+31.1) (203;31.3) (206;31.3) (208;31.1+57.1+40.1) (211;40.3) (212;40.3) (215;40.2+34.1) (218;50.3) (220;50.2+29.1) (222;29.3) (224;29.3) (227;55.3) (230;55.3) (231;55.2+54.1) (234;54.3) (236;54.3) (239;76.3) (240;25.2+7.1) (243;7.2+26.1) (246;26.3) (248;26.1+70.2) (250;70.3) (252;70.1+33.2) (255;33.1+98.2) (258;97.3) (259;97.3) (262;97.3) (264;95.3) (267;95.3) (268;95.2+48.1) (271;48.2+14.1) (274;14.3) (276;14.3) (278;5.3) (280;5.3) (283;5.1+87.2) (286;87.1+23.2) (287;23.3) (290;23.1+99.2) (292;99.3) (295;99.2+52.1) (296;52.3) (299;52.2+16.1) (302;16.3) (304;16.3) (306;16.1+78.2) (308;78.2+74.1) (311;41.3) (314;41.3) (315;41.1+89.2) (318;60.3) (320;60.3) (323;73.3) (324;73.2+10.1) (327;10.1+1.2) (330;1.3) (332;1.3) (334;1.1+92.2) (336;92.3) (339;92.3)
