1 // s
5 // m
20 // n

// p, q, a
3 5 0 // M1
5 9 0 // M2
8 5 0 // M3
2 2 0 // M4
4 5 0 // M5

// M1 M2 M3 M4 M5 M6
3 8 4 5 1 // J1
8 4 4 6 5 // J2
6 1 1 6 4 // J3
1 0 9 7 0 // J4
8 9 5 3 7 // J5
3 9 3 1 0 // J6
6 8 0 9 8 // J7
7 7 0 8 8 // J8
7 0 7 7 9 // J9
1 2 8 4 6 // J10
4 2 3 3 5 // J11
4 2 0 8 8 // J12
8 1 2 6 9 // J13
7 0 2 8 7 // J14
4 9 1 8 3 // J15
8 1 8 4 5 // J16
0 0 8 5 6 // J17
4 5 7 3 3 // J18
4 7 2 0 9 // J19
5 7 1 7 1 // J20

(5;8.5) (13;8.2+16.3) (21;16.5) (29;11.4+2.1) (43;2.5) (47;2.2+10.1+18.2) (53;18.2+3.3) (61;3.3+13.2) (67;13.5) (71;13.1+14.4) (79;14.3+19.2) (84;19.2+15.3) (88;15.1+20.4) (91;20.1+9.4) (96;9.3+4.1+12.1) (102;12.3+7.2) (106;7.4+6.1) (110;6.2+1.3) (114;5.5) (119;5.3)
(37;2.4+6.5) (45;6.4+8.5) (55;8.2+16.1+10.2+20.4) (69;20.3+7.6) (77;7.2+18.5+19.2) (86;19.5+1.4) (93;1.4+15.5) (101;15.4+3.1+12.2+13.1+5.1) (108;5.8+11.1) (116;11.1)
(1;4.5) (9;4.4+18.1) (17;18.5) (25;18.1+1.4) (33;5.5) (41;14.2+6.3) (49;20.1+9.4) (57;9.3+17.2) (65;17.5) (73;17.1+15.1+10.3) (81;10.5) (89;3.1+19.2+2.2) (97;2.2+13.2+16.1) (105;16.5) (113;16.2+11.3)
(2;3.2) (4;3.2) (6;3.2) (8;2.2) (10;2.2) (12;2.2) (14;13.2) (16;13.2) (18;13.2) (20;14.2) (22;14.2) (24;14.2) (26;14.2) (28;1.2) (30;1.2) (32;1.1+17.1) (34;17.2) (36;17.2) (38;9.2) (40;9.2) (42;9.2) (44;9.1+10.1) (46;10.2) (48;10.1+11.1) (50;11.2) (52;6.1+7.1) (54;7.2) (56;7.2) (58;7.2) (60;7.2) (62;18.2) (64;18.1+8.1) (66;8.2) (68;8.2) (70;8.2) (72;8.1+5.1) (74;5.2) (76;16.2) (78;16.2) (80;20.2) (83;20.2) (85;20.2) (90;20.1+4.1) (92;4.2) (95;4.2) (98;4.2) (100;12.2) (103;12.2) (107;12.2) (109;12.2) (112;15.2) (115;15.2) (118;15.2) (120;15.2)
(3;11.5) (7;19.5) (11;19.4+9.1) (15;9.5) (19;9.3+13.2) (23;13.5) (27;13.2+14.3) (31;14.4+15.1) (35;15.2+16.3) (39;16.2+18.3) (51;5.5) (59;5.2+1.1+20.1+17.1) (63;17.5) (75;8.5) (82;8.3+12.2) (87;12.5) (94;12.1+10.4) (99;10.2+2.3) (104;2.2+3.3) (111;3.1+7.4) (117;7.4)
