1 // s
4 // m
30 // n

// p, q, a
4 2 0 // M1
4 8 0 // M2
4 4 0 // M3
5 2 0 // M4

// M1 M2 M3 M4 M5
1 4 3 2 // J1
1 6 1 8 // J2
7 9 3 4 // J3
0 7 4 4 // J4
7 4 4 8 // J5
9 9 5 7 // J6
9 0 4 7 // J7
8 0 4 0 // J8
8 3 2 1 // J9
3 9 6 9 // J10
4 3 0 5 // J11
5 3 6 6 // J12
6 8 0 9 // J13
8 6 0 2 // J14
9 5 3 0 // J15
1 3 0 7 // J16
4 2 6 6 // J17
5 3 0 8 // J18
8 5 4 5 // J19
8 9 2 6 // J20
4 8 1 9 // J21
0 5 2 2 // J22
2 9 1 8 // J23
5 5 7 0 // J24
3 2 0 2 // J25
6 9 1 2 // J26
8 1 0 2 // J27
2 4 3 9 // J28
2 7 6 3 // J29
2 1 7 9 // J30

(2;1.1+2.1) (7;3.2) (12;3.2) (17;3.2) (22;3.1+5.1) (27;5.2) (32;5.2) (37;5.2) (42;6.2) (47;6.2) (52;6.2) (57;6.2) (62;6.1+7.1) (67;7.2) (72;7.2) (77;7.2) (82;7.2) (87;8.2) (92;8.2) (97;8.2) (102;8.2) (107;9.2) (112;9.2) (117;9.2) (122;9.2) (127;10.2) (132;10.1+11.1) (137;11.2) (142;11.1+12.1) (147;12.2) (152;12.2) (157;13.2) (162;13.2) (167;13.2) (172;14.2) (177;14.2) (182;14.2) (187;14.2) (192;15.2) (197;15.2) (202;15.2) (207;15.2) (212;15.1+16.1) (217;17.2) (222;17.2) (227;18.2) (232;18.2) (237;18.1+19.1) (242;19.2) (247;19.2) (252;19.2) (257;19.1+20.1) (262;20.2) (267;20.2) (272;20.2) (277;20.1+21.1) (282;21.2) (287;21.1+23.1) (292;23.1+24.1) (297;24.2) (302;24.2) (307;25.2) (312;25.1+26.1) (317;26.2) (322;26.2) (327;26.1+27.1) (332;27.2) (337;27.2) (342;27.2) (347;27.1+28.1) (352;28.1+29.1) (357;29.1+30.1) (362;30.1)
(4;1.4+2.4) (9;2.2+3.6) (14;3.3+4.5) (19;4.2+5.4+6.2) (24;6.7+9.1) (29;9.2+10.6) (34;10.3+11.3+12.2) (39;12.1+13.7) (44;13.1+14.6+15.1) (49;15.4+16.3+17.1) (54;17.1+18.3+19.4) (59;19.1+20.7) (64;20.2+21.6) (69;21.2+22.5+23.1) (74;23.8) (79;24.5+25.2+26.1) (84;26.8) (89;27.1+28.4+29.3) (94;29.4+30.1)
(3;1.3+2.1) (8;3.3+4.1) (13;4.3+5.1) (18;5.3+6.1) (23;6.4) (28;7.4) (33;8.4) (38;9.2+10.2) (43;10.4) (48;12.4) (53;12.2+15.2) (58;15.1+17.3) (63;17.3+19.1) (68;19.3+20.1) (73;20.1+21.1+22.2) (78;23.1+24.3) (83;24.4) (88;26.1+28.3) (93;29.4) (98;29.2+30.2) (103;30.4) (108;30.1)
(1;1.2) (6;2.2) (11;2.2) (16;2.2) (21;2.2) (26;3.2) (31;3.2) (36;4.2) (41;4.2) (46;5.2) (51;5.2) (56;5.2) (61;5.2) (66;6.2) (71;6.2) (76;6.2) (81;6.1+7.1) (86;7.2) (91;7.2) (96;7.2) (101;9.1+10.1) (106;10.2) (111;10.2) (116;10.2) (121;10.2) (126;11.2) (131;11.2) (136;11.1+12.1) (141;12.2) (146;12.2) (151;12.1+13.1) (156;13.2) (161;13.2) (166;13.2) (171;13.2) (176;14.2) (181;16.2) (186;16.2) (191;16.2) (196;16.1+17.1) (201;17.2) (206;17.2) (211;17.1+18.1) (216;18.2) (221;18.2) (226;18.2) (231;18.1+19.1) (236;19.2) (241;19.2) (246;20.2) (251;20.2) (256;20.2) (261;21.2) (266;21.2) (271;21.2) (276;21.2) (281;21.1+22.1) (286;22.1+23.1) (291;23.2) (296;23.2) (301;23.2) (306;23.1+25.1) (311;25.1+26.1) (316;26.1+27.1) (321;27.1+28.1) (326;28.2) (331;28.2) (336;28.2) (341;28.2) (346;29.2) (351;29.1+30.1) (356;30.2) (361;30.2) (366;30.2) (371;30.2)
