1 // s
3 // m
30 // n

// p, q, a
4 2 0 // M1
8 9 0 // M2
1 4 0 // M3

// M1 M2 M3 M4
4 9 2 // J1
5 8 9 // J2
4 6 3 // J3
9 7 3 // J4
2 6 7 // J5
9 0 2 // J6
9 5 3 // J7
7 3 4 // J8
6 2 2 // J9
8 4 9 // J10
3 3 6 // J11
9 3 7 // J12
9 9 3 // J13
1 9 8 // J14
4 1 1 // J15
0 7 9 // J16
7 4 9 // J17
6 9 5 // J18
0 6 6 // J19
8 9 6 // J20
6 6 2 // J21
4 5 4 // J22
6 3 3 // J23
0 0 1 // J24
8 8 5 // J25
5 3 1 // J26
3 5 4 // J27
3 1 9 // J28
9 7 3 // J29
1 8 6 // J30

(1;1.2) (5;1.2) (9;2.2) (13;2.2) (17;2.1+3.1) (21;3.2) (25;3.1+4.1) (29;4.2) (33;4.2) (37;4.2) (41;4.2) (45;5.2) (49;6.2) (53;6.2) (57;6.2) (61;6.2) (65;6.1+7.1) (69;7.2) (73;7.2) (77;7.2) (81;7.2) (85;8.2) (89;8.2) (93;8.2) (97;8.1+9.1) (101;9.2) (105;9.2) (109;9.1+10.1) (113;10.2) (117;10.2) (121;10.2) (125;10.1+11.1) (129;11.2) (133;12.2) (137;12.2) (141;12.2) (145;12.2) (149;12.1+13.1) (153;13.2) (157;13.2) (161;13.2) (165;13.2) (169;14.1+15.1) (173;15.2) (177;15.1+17.1) (181;17.2) (185;17.2) (189;17.2) (193;18.2) (197;18.2) (201;18.2) (205;20.2) (209;20.2) (213;20.2) (217;20.2) (221;21.2) (225;21.2) (229;21.2) (233;22.2) (237;22.2) (241;23.2) (245;23.2) (249;23.2) (253;25.2) (257;25.2) (261;25.2) (265;25.2) (269;26.2) (273;26.2) (277;26.1+27.1) (281;27.2) (285;28.2) (289;28.1+29.1) (293;29.2) (297;29.2) (301;29.2) (305;29.2) (309;30.1)
(2;1.9) (10;2.8+3.1) (18;3.5+4.4) (26;4.3+5.6) (34;7.5+8.3+9.1) (42;9.1+10.4+11.3+12.1) (50;12.2+13.7) (58;13.2+14.7) (66;14.2+15.1+16.6) (74;16.1+17.4+18.4) (82;18.5+19.4) (90;19.2+20.7) (98;20.2+21.6+22.1) (106;22.4+23.3+25.2) (114;25.6+26.3) (122;27.5+28.1+29.3) (130;29.4+30.5) (138;30.3)
(3;1.2+2.2) (4;2.4) (6;2.3+3.1) (7;3.2+4.2) (8;4.1+5.3) (11;5.4) (12;6.2+7.2) (14;7.1+8.3) (15;8.1+9.2+10.1) (16;10.4) (19;10.4) (20;11.4) (22;11.2+12.2) (23;12.4) (24;12.1+13.3) (27;14.4) (28;14.4) (30;15.1+16.3) (31;16.4) (32;16.2+17.2) (35;17.4) (36;17.3+18.1) (38;18.4) (39;19.4) (40;19.2+20.2) (43;20.4) (44;21.2+22.2) (46;22.2+23.2) (47;23.1+24.1+25.2) (48;25.3+26.1) (51;27.4) (52;28.4) (54;28.4) (55;28.1+29.3) (56;30.4) (59;30.2)
