1 // s
4 // m
20 // n

// p, q, a
8 6 0 // M1
9 2 0 // M2
8 5 0 // M3
7 9 0 // M4

// M1 M2 M3 M4 M5
2 3 8 8 // J1
9 2 7 0 // J2
0 2 6 9 // J3
6 6 7 0 // J4
0 7 2 1 // J5
5 1 5 9 // J6
3 8 3 3 // J7
1 0 7 6 // J8
2 4 1 3 // J9
3 8 1 6 // J10
0 1 7 6 // J11
9 6 6 1 // J12
8 8 9 0 // J13
1 5 4 1 // J14
7 9 5 0 // J15
8 4 9 9 // J16
4 9 7 1 // J17
5 4 7 2 // J18
6 5 0 3 // J19
3 8 9 6 // J20

(3;6.5+1.1) (12;1.1+12.5) (21;12.4+16.2) (30;16.6) (39;2.6) (48;2.3+13.3) (57;13.5+15.1) (66;15.6) (75;18.5+20.1) (84;20.2+14.1+9.2+10.1) (93;10.2+7.3+17.1) (102;17.3+19.3) (111;19.3+8.1+4.2) (120;4.4)
(1;13.2) (10;13.2) (19;13.2) (28;13.2) (37;19.2) (46;19.2) (55;19.1+16.1) (64;16.2) (73;16.1+9.1) (82;9.2) (91;9.1+7.1) (100;7.2) (109;7.2) (118;7.2) (127;7.1+6.1) (136;5.2) (145;5.2) (154;5.2) (163;5.1+14.1) (172;14.2) (181;14.2) (190;12.2) (199;12.2) (208;12.2) (217;20.2) (226;20.2) (235;20.2) (244;20.2) (253;11.1+10.1) (262;10.2) (271;10.2) (280;10.2) (289;10.1+15.1) (298;15.2) (307;15.2) (316;15.2) (325;15.2) (334;17.2) (343;17.2) (352;17.2) (361;17.2) (370;17.1+18.1) (379;18.2) (388;18.1+1.1) (397;1.2) (406;2.2) (415;3.2) (424;4.2) (433;4.2) (442;4.2)
(2;20.5) (11;20.4+8.1) (20;8.5) (29;8.1+16.4) (38;16.5) (47;7.3+10.1+3.1) (56;3.5) (65;1.5) (74;1.3+11.2) (83;11.5) (92;2.5) (101;2.2+12.3) (110;12.3+15.2) (119;15.3+9.1+5.1) (128;5.1+6.4) (137;6.1+18.4) (146;18.3+13.2) (155;13.5) (164;13.2+14.3) (173;14.1+17.4) (182;17.3+4.2) (191;4.5)
(4;20.6+17.1+10.2) (13;10.4+18.2+9.3) (22;7.3+1.6) (31;1.2+14.1+19.3+3.3) (40;3.6+8.3) (49;8.3+5.1+16.5) (58;16.4+11.5) (67;11.1+12.1+6.7) (76;6.2)
