1 // s
5 // m
50 // n

// p, q, a
6 7 0 // M1
9 7 0 // M2
4 9 0 // M3
7 2 0 // M4
2 3 0 // M5

// M1 M2 M3 M4 M5 M6
3 5 4 2 4 // J1
8 9 7 4 2 // J2
8 6 3 8 6 // J3
3 1 3 3 5 // J4
7 3 2 9 3 // J5
4 9 5 5 6 // J6
6 0 1 5 9 // J7
0 1 8 6 1 // J8
8 3 7 7 0 // J9
0 2 0 0 9 // J10
7 3 7 7 5 // J11
9 2 4 9 9 // J12
8 4 2 7 6 // J13
7 4 8 9 5 // J14
2 2 7 2 6 // J15
3 6 5 9 3 // J16
1 9 4 5 8 // J17
2 3 4 0 9 // J18
8 6 9 6 2 // J19
4 1 9 0 2 // J20
5 4 1 5 6 // J21
5 6 5 0 1 // J22
3 6 5 6 8 // J23
9 9 7 9 4 // J24
4 0 7 0 7 // J25
6 3 0 9 2 // J26
2 7 5 6 7 // J27
7 8 9 8 3 // J28
5 7 3 8 5 // J29
1 1 3 7 2 // J30
4 4 9 6 8 // J31
5 6 0 7 0 // J32
1 5 5 8 9 // J33
6 1 8 8 1 // J34
1 9 8 6 8 // J35
7 6 9 4 5 // J36
4 9 3 6 7 // J37
7 7 8 8 2 // J38
0 7 2 7 1 // J39
9 1 5 8 9 // J40
0 3 4 5 1 // J41
5 5 2 8 1 // J42
8 6 6 1 6 // J43
2 2 9 1 2 // J44
8 3 9 6 0 // J45
4 7 1 5 8 // J46
5 1 0 4 5 // J47
1 4 7 5 2 // J48
2 4 0 7 3 // J49
3 0 0 1 8 // J50

(3;47.5+48.1+40.1) (9;40.7) (16;40.1+7.6) (23;45.7) (31;45.1+27.2+22.4) (37;22.1+21.5+26.1) (44;26.5+12.2) (51;12.7) (59;28.7) (65;16.3+13.4) (72;13.4+36.3) (79;36.4+15.2+14.1) (87;14.6+25.1) (93;25.3+49.2+43.2) (100;43.6+5.1) (107;5.6+6.1) (115;6.3+42.4) (121;42.1+4.3+1.3) (128;17.1+38.6) (135;38.1+33.1+30.1+19.4) (143;19.4+2.3) (149;2.5+44.2) (156;3.7) (163;3.1+32.5+29.1) (171;29.4+34.3) (177;34.3+50.3+31.1) (184;31.3+23.3+18.1) (191;18.1+24.6) (199;24.3+37.4) (205;9.7) (212;9.1+35.1+20.4+11.1) (219;11.6+46.1) (227;46.3)
(2;29.7) (11;38.7) (20;31.4+46.3) (30;46.4+41.3) (39;6.7) (48;6.2+45.3+48.2) (58;48.2+18.3+39.2) (67;39.5+44.2) (76;3.6+16.1) (86;16.5+5.2) (95;5.1+43.6) (104;21.4+32.3) (114;32.3+33.4) (123;33.1+47.1+8.1+22.4) (132;22.2+4.1+20.1+10.2+36.1) (142;36.5+28.2) (151;28.6+23.1) (160;23.5+9.2) (170;9.1+17.6) (179;17.3+15.2+26.2) (188;26.1+42.5+27.1) (198;27.6+49.1) (207;49.3+14.4) (216;19.6+24.1) (226;24.7) (235;24.1+30.1+40.1+34.1+1.3) (244;1.2+2.5) (254;2.4+11.3) (263;12.2+35.5) (272;35.4+13.3) (282;13.1+37.6) (291;37.3)
(5;8.8+39.1) (13;39.1+3.3+25.5) (18;25.2+2.7) (25;5.2+12.4+44.3) (33;44.6+11.3) (41;11.4+35.5) (46;35.3+14.6) (53;14.2+45.7) (61;45.2+36.7) (69;36.2+4.3+48.4) (74;48.3+27.5+7.1) (81;42.2+19.7) (89;19.2+34.7) (97;34.1+28.8) (102;28.1+29.3+1.4+6.1) (109;6.4+13.2+43.3) (117;43.3+24.6) (125;24.1+16.5+37.3) (130;21.1+23.5+20.3) (137;20.6+38.3) (145;38.5+40.4) (153;40.1+31.8) (158;31.1+30.3+22.5) (165;9.7+15.2) (173;15.5+41.4) (181;46.1+17.4+18.4) (186;33.5)
(1;30.2) (8;30.2) (15;30.2) (22;30.1+2.1) (29;2.2) (36;2.1+6.1) (43;6.2) (50;6.2) (57;39.2) (64;39.2) (71;39.2) (78;39.1+23.1) (85;23.2) (92;23.2) (99;23.1+35.1) (106;35.2) (113;35.2) (120;35.1+9.1) (127;9.2) (134;9.2) (141;9.2) (148;32.2) (155;32.2) (162;32.2) (169;32.1+44.1) (176;24.2) (183;24.2) (190;24.2) (197;24.2) (204;24.1+3.1) (211;3.2) (218;3.2) (225;3.2) (232;3.1+36.1) (239;36.2) (246;36.1+42.1) (253;42.2) (260;42.2) (267;42.2) (274;42.1+7.1) (281;7.2) (288;7.2) (295;45.2) (302;45.2) (309;45.2) (316;1.2) (323;15.2) (330;47.2) (337;47.2) (344;46.2) (351;46.2) (358;46.1+31.1) (365;31.2) (372;31.2) (379;31.1+19.1) (386;19.2) (393;19.2) (400;19.1+4.1) (407;4.2) (414;40.2) (421;40.2) (428;40.2) (435;40.2) (442;16.2) (449;16.2) (456;16.2) (463;16.2) (470;16.1+49.1) (477;49.2) (484;49.2) (491;49.2) (498;12.2) (505;12.2) (512;12.2) (519;12.2) (526;12.1+33.1) (533;33.2) (540;33.2) (547;33.2) (554;33.1+28.1) (561;28.2) (568;28.2) (575;28.2) (582;28.1+48.1) (589;48.2) (596;48.2) (603;37.2) (610;37.2) (617;37.2) (624;38.2) (631;38.2) (638;38.2) (645;38.2) (652;27.2) (659;27.2) (666;27.2) (673;41.2) (680;41.2) (687;41.1+50.1) (694;8.2) (701;8.2) (708;8.2) (715;14.2) (722;14.2) (729;14.2) (736;14.2) (743;14.1+17.1) (750;17.2) (757;17.2) (764;5.2) (771;5.2) (778;5.2) (785;5.2) (792;5.1+34.1) (799;34.2) (806;34.2) (813;34.2) (820;34.1+43.1) (827;26.2) (834;26.2) (841;26.2) (848;26.2) (855;26.1+13.1) (862;13.2) (869;13.2) (876;13.2) (883;11.2) (890;11.2) (897;11.2) (904;11.1+29.1) (911;29.2) (918;29.2) (925;29.2) (932;29.1+21.1) (939;21.2) (946;21.2)
(4;50.3) (6;50.3) (10;50.2+11.1) (12;11.3) (14;11.1+15.2) (17;15.3) (19;15.1+37.2) (21;37.3) (24;37.2+21.1) (26;21.3) (28;21.2+30.1) (32;30.1+22.1+19.1) (34;19.1+18.2) (38;18.3) (40;18.3) (42;18.1+20.2) (45;31.3) (47;31.3) (49;31.2+48.1) (52;48.1+14.2) (54;14.3) (56;13.3) (60;13.3) (62;41.1+23.2) (66;23.3) (68;23.3) (70;46.3) (73;46.3) (75;46.2+12.1) (77;12.3) (80;12.3) (82;12.2+28.1) (84;28.2+24.1) (88;24.3) (90;44.2+40.1) (94;40.3) (96;40.3) (98;40.2+33.1) (101;33.3) (103;33.3) (105;33.2+1.1) (108;1.3) (110;6.3) (112;6.3) (116;39.1+29.2) (118;29.3) (122;25.3) (124;25.3) (126;25.1+34.1+5.1) (129;5.2+17.1) (131;17.3) (133;17.3) (136;17.1+27.2) (138;27.3) (140;27.2+8.1) (144;36.3) (146;36.2+16.1) (150;16.2+42.1) (152;4.3) (154;4.2+3.1) (157;3.3) (159;3.2+26.1) (161;26.1+35.2) (164;35.3) (166;35.3) (168;10.3) (172;10.3) (174;10.3) (178;2.2+43.1) (180;43.3) (182;43.2+47.1) (185;47.3) (187;47.1+7.2) (189;7.3) (192;7.3) (194;7.1+38.2) (196;49.3)
