1 // s
5 // m
20 // n

// p, q, a
4 7 0 // M1
8 4 0 // M2
1 7 0 // M3
4 2 0 // M4
7 4 0 // M5

// M1 M2 M3 M4 M5 M6
5 2 4 5 7 // J1
4 4 0 2 7 // J2
8 4 6 4 8 // J3
4 2 9 6 6 // J4
4 7 2 7 4 // J5
5 3 5 6 0 // J6
3 6 3 3 2 // J7
3 6 6 6 2 // J8
6 7 5 5 4 // J9
8 0 3 4 6 // J10
4 3 3 0 9 // J11
7 9 7 0 1 // J12
1 9 4 2 3 // J13
2 1 2 2 4 // J14
7 5 3 4 0 // J15
6 1 7 2 6 // J16
5 9 0 9 5 // J17
9 2 2 4 4 // J18
3 9 6 5 0 // J19
7 3 2 1 1 // J20

(4;2.4+5.3) (8;5.1+13.1+9.5) (12;9.1+7.3+16.3) (16;16.3+19.3+18.1) (20;18.7) (24;18.1+10.6) (28;10.2+4.4+8.1) (32;8.2+20.5) (36;20.2+1.5) (40;15.7) (44;3.7) (48;3.1+11.4+6.2) (52;6.3+14.2+17.2) (56;17.3+12.4) (60;12.3)
(1;11.3+17.1) (9;17.4) (17;17.4) (25;6.3+19.1) (33;19.4) (41;19.4) (49;12.4) (57;12.4) (65;12.1+18.2+5.1) (73;5.4) (81;5.2+1.2) (89;9.4) (97;9.3+14.1) (105;16.1+20.3) (113;13.4) (121;13.4) (129;13.1+3.3) (137;3.1+15.3) (145;15.2+4.2) (153;2.4) (161;7.4) (169;7.2+8.2) (177;8.4)
(5;18.2+20.2+15.3) (7;9.5+4.2) (13;4.7) (15;8.6+19.1) (21;19.5+3.2) (23;3.4+16.3) (29;16.4+10.3) (31;1.4+5.2+12.1) (37;12.6+13.1) (39;13.3+7.3+11.1) (45;11.2+6.5) (47;14.2)
(2;2.2) (6;8.2) (10;8.2) (14;8.2) (18;9.2) (22;9.2) (26;9.1+13.1) (30;13.1+20.1) (34;17.2) (38;17.2) (42;17.2) (46;17.2) (50;17.1+10.1) (54;10.2) (58;10.1+14.1) (62;14.1+15.1) (66;15.2) (70;15.1+16.1) (74;16.1+7.1) (78;7.2) (82;4.2) (86;4.2) (90;4.2) (94;3.2) (98;3.2) (102;18.2) (106;18.2) (110;6.2) (114;6.2) (118;6.2) (122;1.2) (126;1.2) (131;1.1+5.1) (135;5.2) (139;5.2) (143;5.2) (147;19.2) (151;19.2) (155;19.1)
(3;4.4) (11;4.2+3.2) (19;3.4) (27;3.2+2.2) (35;2.4) (43;2.1+7.2+1.1) (51;1.4) (59;1.2+10.2) (67;10.4) (75;8.2+12.1+20.1) (83;11.4) (91;11.4) (99;11.1+17.3) (107;17.2+9.2) (115;9.2+13.2) (123;13.1+14.3) (130;14.1+5.3) (138;5.1+16.3) (146;16.3+18.1) (154;18.3)
