1 // s
5 // m
100 // n

// p, q, a
9 5 0 // M1
4 9 0 // M2
4 2 0 // M3
1 9 0 // M4
7 3 0 // M5

// M1 M2 M3 M4 M5 M6
8 5 9 1 2 // J1
3 8 7 0 9 // J2
5 0 3 3 2 // J3
4 3 7 4 3 // J4
8 7 4 9 2 // J5
7 0 8 8 3 // J6
8 7 2 6 5 // J7
8 1 4 3 0 // J8
2 4 1 7 7 // J9
8 0 0 7 9 // J10
6 2 4 3 3 // J11
0 1 9 8 4 // J12
3 0 9 7 0 // J13
7 7 6 8 4 // J14
2 9 4 4 1 // J15
4 6 7 2 3 // J16
6 9 0 9 6 // J17
6 3 9 3 4 // J18
6 1 5 8 7 // J19
1 4 3 6 9 // J20
0 4 2 3 6 // J21
7 8 0 1 8 // J22
4 3 6 5 7 // J23
3 9 0 1 4 // J24
4 8 3 4 7 // J25
0 3 6 7 9 // J26
0 2 0 2 3 // J27
2 7 7 2 8 // J28
8 2 7 4 0 // J29
2 5 0 0 3 // J30
2 4 2 2 5 // J31
2 0 7 6 5 // J32
3 1 3 2 8 // J33
1 3 3 1 5 // J34
6 2 7 2 6 // J35
1 1 8 4 4 // J36
5 3 5 3 7 // J37
5 0 8 7 0 // J38
1 9 0 7 5 // J39
6 9 4 5 8 // J40
9 1 8 5 7 // J41
9 7 9 5 3 // J42
0 1 3 2 9 // J43
9 6 9 4 2 // J44
0 4 6 0 3 // J45
6 1 9 6 0 // J46
2 6 3 5 4 // J47
3 5 0 6 7 // J48
8 1 2 3 0 // J49
0 5 8 7 5 // J50
0 0 9 3 8 // J51
4 5 7 2 1 // J52
7 7 2 5 1 // J53
4 8 8 7 6 // J54
4 5 3 7 4 // J55
9 2 2 0 3 // J56
0 3 1 1 9 // J57
2 6 9 6 9 // J58
7 7 8 5 9 // J59
1 8 7 1 5 // J60
1 7 0 1 0 // J61
4 6 2 9 8 // J62
2 3 6 8 0 // J63
4 5 1 5 9 // J64
7 8 1 7 8 // J65
7 7 8 7 2 // J66
1 4 0 5 1 // J67
3 3 9 0 5 // J68
5 3 0 8 7 // J69
4 1 9 4 5 // J70
5 6 1 1 7 // J71
2 5 2 3 3 // J72
7 8 4 6 7 // J73
7 2 1 7 6 // J74
1 5 1 0 4 // J75
4 7 3 0 3 // J76
5 7 3 2 7 // J77
4 3 8 7 9 // J78
8 0 6 6 8 // J79
6 9 4 0 9 // J80
2 9 2 8 4 // J81
9 5 1 7 3 // J82
4 1 2 9 7 // J83
9 4 2 9 3 // J84
4 3 3 8 8 // J85
1 9 4 1 7 // J86
4 3 3 0 1 // J87
6 5 5 8 7 // J88
9 1 1 3 4 // J89
6 7 6 8 8 // J90
1 6 5 7 5 // J91
8 6 4 0 3 // J92
0 1 9 9 8 // J93
1 8 2 8 1 // J94
3 9 4 1 3 // J95
2 1 9 3 1 // J96
3 2 5 3 5 // J97
7 8 5 4 2 // J98
9 1 4 5 6 // J99
7 2 1 5 3 // J100

(3;80.5) (12;80.1+53.4) (21;53.3+54.2) (30;54.2+36.1+38.2) (40;38.3+20.1+23.1) (49;23.3+92.2) (58;92.5) (67;92.1+8.4) (76;8.4+22.1) (87;22.5) (96;22.1+32.2+31.2) (105;1.5) (114;1.3+62.2) (124;62.2+37.3) (133;37.2+76.3) (142;76.1+47.2+56.2) (151;56.5) (160;56.2+7.3) (171;7.5) (180;9.2+35.3) (189;35.3+72.2) (198;73.5) (208;73.2+61.1+17.2) (217;17.4+90.1) (226;90.5) (235;19.5) (244;19.1+55.4) (255;5.5) (264;5.3+52.2) (273;52.2+49.3) (282;49.5) (292;98.5) (301;98.2+44.3) (310;44.5) (319;44.1+16.4) (328;10.5) (339;10.3+82.2) (348;82.5) (357;82.2+77.3) (366;77.2+33.3) (376;28.2+94.1+79.2) (385;79.5) (394;79.1+83.4) (403;41.5) (412;41.4+4.1) (423;4.3+59.2) (432;59.5) (441;29.5) (450;29.3+87.2) (460;87.2+39.1+25.2) (469;25.2+81.2+58.1) (478;58.1+42.4) (487;42.5) (496;2.3+88.2) (507;88.4+100.1) (516;100.5) (525;100.1+13.3+89.1) (534;89.5) (544;89.3+64.2) (553;64.2+85.3) (562;85.1+68.3+86.1) (571;70.4+66.1) (580;66.5) (591;66.1+91.1+96.2+69.1) (600;69.4+3.1) (609;3.4+14.1) (618;14.5) (628;14.1+24.3+99.1) (637;99.5) (646;99.3+18.2) (655;18.4+6.1) (664;6.5) (675;6.1+75.1+78.3) (684;78.1+63.2+74.2) (693;74.5) (702;11.5) (712;11.1+67.1+65.3) (721;65.4+15.1) (730;15.1+40.4) (739;40.2+84.3) (748;84.5) (759;84.1+46.4) (768;46.2+97.3) (777;95.3+34.1+48.1) (786;48.2+60.1+71.2) (796;71.3+30.2)
(4;64.5+95.4) (9;95.5+12.1+71.3) (13;71.3+1.5+33.1) (17;83.1+2.8) (24;66.7+30.2) (28;30.3+20.4+97.2) (32;26.3+96.1+73.5) (37;73.3+23.3+18.3) (41;63.3+69.3+59.3) (45;59.4+21.4+87.1) (51;87.2+72.5+48.2) (55;48.3+14.6) (59;14.1+99.1+54.7) (63;54.1+19.1+29.2+76.5) (68;76.2+60.7) (72;60.1+27.2+57.3+65.3) (79;65.5+11.2+80.2) (83;80.7+5.2) (88;5.5+74.2+100.2) (93;56.2+91.6+78.1) (97;78.2+92.6+93.1) (101;17.9) (108;94.8+15.1) (112;15.8+35.1) (116;35.1+16.6+49.1+88.1) (121;88.4+52.5) (125;42.7+75.2) (129;75.3+34.3+67.3) (135;67.1+37.3+98.5) (139;98.3+46.1+61.5) (143;61.2+58.6+62.1) (147;62.5+36.1+22.3) (152;22.5+82.4) (156;82.1+8.1+24.7) (163;24.2+28.7) (167;40.9) (172;90.7+70.1+47.1) (177;47.5+68.3+55.1) (181;55.4+43.1+84.4) (185;89.1+77.7+9.1) (192;9.3+45.4+31.2) (196;31.2+7.7) (200;53.7+41.1+39.1) (205;39.8+86.1) (209;86.8+50.1) (213;50.4+85.3+4.2) (219;4.1+44.6+81.2) (223;81.7+25.2) (227;25.6)
(2;60.2) (6;60.2) (10;60.2) (14;60.1+72.1) (18;72.1+5.1) (23;5.2) (27;5.1+50.1) (31;50.2) (35;50.2) (39;50.2) (44;50.1+6.1) (48;6.2) (52;6.2) (56;6.2) (60;6.1+23.1) (65;23.2) (69;23.2) (73;23.1+62.1) (77;62.1+2.1) (81;2.2) (86;2.2) (90;2.2) (94;43.2) (98;43.1+84.1) (102;84.1+89.1) (107;16.2) (111;16.2) (115;16.2) (119;16.1+83.1) (123;83.1+58.1) (128;58.2) (132;58.2) (136;58.2) (140;58.2) (144;37.2) (149;37.2) (153;37.1+46.1) (157;46.2) (161;46.2) (165;46.2) (170;46.2) (174;8.2) (178;8.2) (182;74.1+55.1) (186;55.2) (191;90.2) (195;90.2) (199;90.2) (203;88.2) (207;88.2) (212;88.1+25.1) (216;25.2) (220;38.2) (224;38.2) (228;38.2) (233;38.2) (237;91.2) (241;91.2) (245;91.1+92.1) (249;92.2) (254;92.1+7.1) (258;7.1+93.1) (262;93.2) (266;93.2) (270;93.2) (275;93.2) (279;51.2) (283;51.2) (287;51.2) (291;51.2) (296;51.1+54.1) (300;54.2) (304;54.2) (308;54.2) (312;54.1+64.1) (317;40.2) (321;40.2) (325;77.2) (329;77.1+44.1) (333;44.2) (338;44.2) (342;44.2) (346;44.2) (350;28.2) (354;28.2) (359;28.2) (363;28.1+42.1) (367;42.2) (371;42.2) (375;42.2) (380;42.2) (384;36.2) (388;36.2) (392;36.2) (396;36.2) (401;15.2) (405;15.2) (409;79.2) (413;79.2) (417;79.2) (422;35.2) (426;35.2) (430;35.2) (434;35.1+29.1) (438;29.2) (443;29.2) (447;29.2) (451;47.2) (455;47.1+11.1) (459;11.2) (464;11.1+98.1) (468;98.2) (472;98.2) (476;19.2) (480;19.2) (485;19.1+20.1) (489;20.2) (493;49.2) (497;63.2) (501;63.2) (506;63.2) (510;70.2) (514;70.2) (518;70.2) (522;70.2) (527;70.1+71.1) (531;31.2) (535;56.2) (539;13.2) (543;13.2) (548;13.2) (552;13.2) (556;13.1+78.1) (560;78.2) (564;78.2) (569;78.2) (573;78.1+66.1) (577;66.2) (581;66.2) (585;66.2) (590;66.1+57.1) (594;12.2) (598;12.2) (602;12.2) (606;12.2) (611;12.1+100.1) (615;82.1+14.1) (619;14.2) (623;14.2) (627;14.1+95.1) (632;95.2) (636;95.1+81.1) (640;81.1+41.1) (644;41.2) (648;41.2) (653;41.2) (657;41.1+59.1) (661;59.2) (665;59.2) (669;59.2) (674;59.1+9.1) (678;87.2) (682;87.1+99.1) (686;99.2) (690;99.1+76.1) (695;76.2) (699;33.2) (703;33.1+53.1) (707;53.1+86.1) (711;86.2) (716;86.1+96.1) (720;96.2) (724;96.2) (728;96.2) (732;96.2) (737;75.1+1.1) (741;1.2) (745;1.2) (749;1.2) (753;1.2) (758;68.2) (762;68.2) (766;68.2) (770;68.2) (774;68.1+45.1) (779;45.2) (783;45.2) (787;45.1+52.1) (791;52.2) (795;52.2) (800;52.2) (804;94.2) (808;32.2) (812;32.2) (816;32.2) (821;32.1+97.1) (825;97.2) (829;97.2) (833;65.1+18.1) (837;18.2) (842;18.2) (846;18.2) (850;18.2) (854;80.2) (858;80.2) (863;3.2) (867;3.1+85.1) (871;85.2) (875;34.2) (879;34.1+73.1) (884;73.2) (888;73.1+26.1) (892;26.2) (896;26.2) (900;26.1+4.1) (905;4.2) (909;4.2) (913;4.2) (917;21.2)
(5;41.5+28.2+5.2) (7;5.7+55.2) (11;55.5+85.4) (16;85.4+57.1+38.4) (19;38.3+52.2+13.4) (20;13.3+73.6) (25;7.6+53.3) (26;53.2+46.6+74.1) (33;74.6+50.3) (34;50.4+54.5) (38;54.2+27.2+63.5) (42;63.3+49.3+40.3) (46;40.2+89.3+95.1+88.3) (47;88.5+96.3+21.1) (53;21.2+36.4+99.3) (54;99.2+78.7) (61;91.7+37.2) (62;37.1+35.2+17.6) (66;17.3+48.6) (70;11.3+100.5+83.1) (74;83.8+24.1) (75;9.7+84.2) (80;84.7+93.2) (82;93.7+71.1+47.1) (84;47.4+79.5) (89;79.1+18.3+60.1+15.4) (91;3.3+25.4+64.2) (95;64.3+82.6) (100;82.1+65.7+43.1) (103;43.1+77.2+31.2+72.3+59.1) (104;59.4+26.5) (109;26.2+12.7) (110;12.1+22.1+62.7) (117;62.2+94.7) (118;94.1+23.5+61.1+4.2) (122;4.2+10.7) (126;14.8+20.1) (130;20.5+51.3+19.1) (131;19.7+97.2) (137;97.1+1.1+33.2+58.5) (138;58.1+6.8) (145;42.5+86.1+67.3) (146;67.2+66.7) (150;69.8+98.1) (154;98.3+34.1+81.5) (158;81.3+90.6) (159;90.2+29.4+70.3) (164;70.1+44.4+32.4) (166;32.2+8.3+39.4) (168;39.3+16.2)
(1;86.3) (8;86.3) (15;86.1+28.2) (22;28.3) (29;28.3) (36;94.1+71.2) (43;71.3) (50;71.2+64.1) (57;64.3) (64;64.3) (71;64.2+43.1) (78;43.3) (85;43.3) (92;43.2+83.1) (99;83.3) (106;83.3) (113;100.3) (120;30.3) (127;27.3) (134;51.3) (141;51.3) (148;51.2+75.1) (155;75.3) (162;65.3) (169;65.3) (176;65.2+17.1) (183;17.3) (190;17.2+7.1) (197;7.3) (204;7.1+31.2) (211;31.3) (218;48.3) (225;48.3) (232;48.1+14.2) (239;14.2+88.1) (246;88.3) (253;88.3) (260;4.3) (267;9.3) (274;9.3) (281;9.1+81.2) (288;81.2+5.1) (295;5.1+36.2) (302;36.2+54.1) (309;54.3) (316;54.2+26.1) (323;26.3) (330;26.3) (337;26.2+1.1) (344;1.1+68.2) (351;68.3) (358;97.3) (365;97.2+2.1) (372;2.3) (379;2.3) (386;2.2+82.1) (393;82.2+87.1) (400;11.3) (407;78.3) (414;78.3) (421;78.3) (428;44.2+60.1) (435;60.3) (442;60.1+80.2) (449;80.3) (456;80.3) (463;80.1+16.2) (470;16.1+42.2) (477;42.1+3.2) (484;39.3) (491;39.2+72.1) (498;72.2+84.1) (505;84.2+12.1) (512;12.3) (519;93.3) (526;93.3) (533;93.2+23.1) (540;23.3) (547;23.3) (554;40.3) (561;40.3) (568;40.2+22.1) (575;22.3) (582;22.3) (589;22.1+59.2) (596;59.3) (603;59.3) (610;59.1+10.2) (617;10.3) (624;10.3) (631;10.1+18.2) (638;18.2+55.1) (645;55.3) (652;41.3) (659;41.3) (666;41.1+45.2) (673;45.1+77.2) (680;77.3) (687;77.2+58.1) (694;58.3) (701;58.3) (708;58.2+96.1) (715;91.3) (722;91.2+89.1) (729;89.3) (736;35.3) (743;35.3) (750;57.3) (757;57.3) (764;57.3) (771;24.3) (778;24.1+20.2) (785;20.3) (792;20.3) (799;20.1+62.2) (806;62.3) (813;62.3) (820;73.3) (827;73.3) (834;73.1+19.2) (841;19.3) (848;19.2+37.1) (855;37.3) (862;37.3) (869;32.3) (876;32.2+34.1) (883;34.3) (890;34.1+6.2) (897;6.1+79.2) (904;79.3) (911;79.3) (918;90.3) (925;90.3) (932;90.2+95.1) (939;95.2+69.1) (946;69.3) (953;69.3) (960;99.3) (967;99.3) (974;53.1+85.2) (981;85.3) (988;85.3) (995;50.3) (1002;50.2+47.1) (1009;47.3) (1016;98.2+66.1) (1023;66.1+74.2) (1030;74.3) (1037;74.1+15.1+21.1) (1044;21.3) (1051;21.2+33.1) (1058;33.3) (1065;33.3) (1072;33.1+92.2) (1079;92.1+25.2) (1086;25.3) (1093;25.2+70.1) (1100;70.3) (1107;70.1+67.1+76.1) (1114;76.2+56.1) (1121;56.2+52.1)
