1 // s
4 // m
10 // n

// p, q, a
2 6 0 // M1
3 4 0 // M2
6 3 0 // M3
3 2 0 // M4

// M1 M2 M3 M4 M5
5 1 0 4 // J1
2 7 9 9 // J2
1 3 2 3 // J3
1 8 2 8 // J4
6 9 8 7 // J5
4 7 9 0 // J6
0 6 5 5 // J7
0 3 6 9 // J8
1 9 5 7 // J9
5 5 8 6 // J10

(4;1.5+2.1) (10;2.1+3.1+4.1+5.3) (16;5.3+6.3) (22;6.1+9.1+10.4) (28;10.1)
(3;1.1+2.3) (6;2.4) (9;3.3+4.1) (12;4.4) (15;4.3+5.1) (18;5.4) (21;5.4) (24;6.4) (27;6.3+7.1) (30;7.4) (33;7.1+8.3) (36;9.4) (39;9.4) (42;9.1+10.3) (45;10.2)
(1;2.3) (7;2.3) (13;2.3) (19;3.2+4.1) (25;4.1+5.2) (31;5.3) (37;5.3) (43;6.3) (49;6.3) (55;6.3) (61;7.3) (67;7.2+8.1) (73;8.3) (79;8.2+9.1) (85;9.3) (91;9.1+10.2) (97;10.3) (103;10.3)
(2;1.2) (5;1.2) (8;2.2) (11;2.2) (14;2.2) (17;2.2) (20;2.1+3.1) (23;3.2) (26;4.2) (29;4.2) (32;4.2) (35;4.2) (38;5.2) (41;5.2) (44;5.2) (47;5.1+7.1) (50;7.2) (53;7.2) (56;8.2) (59;8.2) (62;8.2) (65;8.2) (68;8.1+9.1) (71;9.2) (74;9.2) (77;9.2) (80;10.2) (83;10.2) (86;10.2)
