1 // s
5 // m
200 // n

// p, q, a
6 2 0 // M1
8 5 0 // M2
1 3 0 // M3
8 5 0 // M4
5 8 0 // M5

// M1 M2 M3 M4 M5 M6
5 7 4 3 5 // J1
4 6 1 7 6 // J2
9 7 0 4 7 // J3
6 5 1 8 8 // J4
9 8 5 2 0 // J5
3 9 0 7 8 // J6
2 4 9 6 4 // J7
2 9 7 1 4 // J8
6 8 5 4 2 // J9
8 9 3 7 4 // J10
6 6 5 7 8 // J11
7 2 1 2 1 // J12
4 6 3 9 3 // J13
5 8 3 0 5 // J14
7 8 9 4 1 // J15
0 2 0 9 2 // J16
4 6 2 3 2 // J17
5 8 2 7 6 // J18
9 7 5 0 0 // J19
0 5 6 0 7 // J20
0 5 2 2 7 // J21
8 7 1 5 8 // J22
4 1 2 9 7 // J23
8 3 9 7 7 // J24
6 6 6 3 5 // J25
0 3 8 4 1 // J26
5 6 0 1 2 // J27
8 3 0 6 3 // J28
8 6 6 9 2 // J29
8 4 5 3 1 // J30
6 5 9 2 0 // J31
4 9 8 7 6 // J32
5 8 7 3 2 // J33
7 1 0 7 9 // J34
4 2 3 3 9 // J35
0 9 7 1 6 // J36
5 7 5 2 4 // J37
0 7 7 1 7 // J38
8 5 3 9 7 // J39
9 8 3 6 5 // J40
6 3 7 3 7 // J41
4 1 5 2 0 // J42
4 2 7 0 1 // J43
8 3 5 9 1 // J44
0 3 9 9 0 // J45
9 9 4 5 0 // J46
1 6 0 5 9 // J47
1 9 1 5 0 // J48
9 1 4 0 2 // J49
6 7 2 8 9 // J50
6 3 3 4 4 // J51
3 3 8 3 7 // J52
4 7 9 2 8 // J53
8 1 1 0 9 // J54
8 1 0 9 2 // J55
9 8 8 6 3 // J56
1 6 6 6 3 // J57
7 2 5 1 6 // J58
8 1 8 7 5 // J59
2 1 2 2 4 // J60
5 5 2 8 1 // J61
5 3 4 2 5 // J62
4 5 1 9 6 // J63
8 0 3 8 0 // J64
6 5 0 3 1 // J65
6 2 3 3 0 // J66
7 6 6 2 8 // J67
6 4 7 4 8 // J68
4 7 3 5 2 // J69
2 0 8 0 7 // J70
1 7 3 1 8 // J71
9 5 8 7 4 // J72
2 9 1 1 7 // J73
7 8 8 1 0 // J74
4 3 9 9 5 // J75
8 1 4 0 8 // J76
6 4 2 6 9 // J77
9 2 5 4 8 // J78
0 5 9 9 6 // J79
4 6 2 8 5 // J80
4 1 6 0 3 // J81
7 8 4 5 9 // J82
8 0 7 9 8 // J83
8 7 4 1 8 // J84
4 2 4 3 9 // J85
8 3 9 3 0 // J86
1 9 6 5 3 // J87
4 7 1 3 2 // J88
1 8 0 4 9 // J89
9 7 0 1 7 // J90
7 1 0 9 0 // J91
2 7 3 1 4 // J92
3 8 0 4 8 // J93
9 4 2 5 3 // J94
1 5 1 9 6 // J95
6 2 9 3 9 // J96
1 2 8 6 3 // J97
9 8 6 5 1 // J98
7 4 0 8 8 // J99
2 7 5 6 0 // J100
5 4 5 7 6 // J101
1 0 0 2 4 // J102
0 7 9 1 2 // J103
1 0 4 0 8 // J104
0 8 7 4 5 // J105
6 5 3 1 4 // J106
8 6 3 2 4 // J107
6 7 1 9 1 // J108
9 8 3 1 0 // J109
0 5 8 6 7 // J110
2 3 5 7 0 // J111
7 7 0 1 9 // J112
6 7 8 8 5 // J113
3 3 6 7 5 // J114
3 9 5 9 9 // J115
2 4 6 3 5 // J116
1 7 6 4 2 // J117
5 1 6 2 7 // J118
9 7 9 9 5 // J119
2 9 5 5 7 // J120
6 9 0 0 3 // J121
3 8 6 7 8 // J122
2 0 6 6 8 // J123
8 0 4 6 9 // J124
2 7 3 0 6 // J125
6 9 5 3 7 // J126
2 9 0 6 8 // J127
2 6 6 0 9 // J128
7 5 8 3 4 // J129
8 0 2 0 6 // J130
1 5 8 5 4 // J131
9 5 0 3 7 // J132
3 2 2 0 5 // J133
3 0 0 8 6 // J134
2 3 3 6 2 // J135
7 8 9 6 8 // J136
5 6 4 6 5 // J137
7 0 4 2 8 // J138
7 5 3 3 5 // J139
4 2 8 8 0 // J140
8 9 4 4 4 // J141
8 1 2 3 6 // J142
0 5 4 5 1 // J143
6 7 6 4 8 // J144
2 5 8 9 9 // J145
7 9 0 1 7 // J146
5 0 1 5 9 // J147
6 2 0 2 6 // J148
5 8 1 5 7 // J149
1 0 7 1 9 // J150
7 6 3 9 7 // J151
2 1 4 5 7 // J152
8 1 1 5 1 // J153
9 3 9 5 5 // J154
4 7 3 8 2 // J155
4 3 2 1 7 // J156
6 1 9 1 0 // J157
8 7 1 7 7 // J158
4 7 4 5 7 // J159
4 7 5 4 7 // J160
7 1 2 5 4 // J161
0 2 5 7 3 // J162
9 9 3 7 1 // J163
7 2 9 5 2 // J164
2 2 2 8 1 // J165
7 2 8 0 7 // J166
7 7 7 3 9 // J167
4 9 3 7 0 // J168
6 2 4 3 7 // J169
4 3 7 4 0 // J170
2 8 0 2 5 // J171
5 9 4 4 6 // J172
7 3 4 9 6 // J173
1 2 9 8 6 // J174
7 8 1 5 5 // J175
0 7 8 0 6 // J176
3 5 4 9 5 // J177
8 7 4 8 3 // J178
5 5 9 0 2 // J179
2 7 4 7 5 // J180
2 4 8 7 3 // J181
3 6 4 6 5 // J182
8 0 3 8 3 // J183
2 9 5 4 7 // J184
4 7 0 4 1 // J185
2 9 1 2 3 // J186
2 3 0 4 3 // J187
9 6 6 6 1 // J188
2 2 8 3 5 // J189
4 1 1 7 0 // J190
2 2 9 0 1 // J191
5 3 4 6 0 // J192
4 4 1 3 3 // J193
4 9 8 4 3 // J194
5 2 8 3 4 // J195
1 8 7 8 6 // J196
0 8 4 2 0 // J197
9 3 0 3 7 // J198
5 1 0 5 6 // J199
7 0 5 9 1 // J200

(1;146.2) (7;146.2) (13;146.2) (19;146.1+189.1) (25;189.1+89.1) (31;181.2) (37;166.2) (43;166.2) (49;166.2) (55;166.1+132.1) (61;132.2) (67;132.2) (73;132.2) (79;132.2) (85;18.2) (91;18.2) (97;18.1+91.1) (103;91.2) (109;91.2) (115;91.2) (121;101.2) (127;101.2) (133;101.1+142.1) (139;142.2) (145;142.2) (151;142.2) (157;142.1+14.1) (163;14.2) (169;14.2) (175;75.2) (181;75.2) (187;54.2) (193;54.2) (199;54.2) (205;54.2) (211;30.2) (217;30.2) (223;30.2) (229;30.2) (235;48.1+62.1) (241;62.2) (247;62.2) (253;156.2) (259;156.2) (265;196.1+6.1) (271;6.2) (277;169.2) (283;169.2) (289;169.2) (295;40.2) (301;40.2) (307;40.2) (313;40.2) (319;40.1+130.1) (325;130.2) (331;130.2) (337;130.2) (343;130.1+102.1) (349;195.2) (355;195.2) (361;195.1+112.1) (367;112.2) (373;112.2) (379;112.2) (385;81.2) (391;81.2) (397;148.2) (403;148.2) (409;148.2) (415;188.2) (421;188.2) (427;188.2) (433;188.2) (439;188.1+134.1) (445;134.2) (451;58.2) (457;58.2) (463;58.2) (469;58.1+124.1) (475;124.2) (481;124.2) (487;124.2) (493;124.1+155.1) (499;155.2) (505;155.1+138.1) (511;138.2) (517;138.2) (523;138.2) (529;80.2) (535;80.2) (541;35.2) (547;35.2) (553;117.1+200.1) (559;200.2) (565;200.2) (571;200.2) (577;82.2) (583;82.2) (589;82.2) (595;82.1+61.1) (601;61.2) (607;61.2) (613;86.2) (619;86.2) (625;86.2) (631;86.2) (637;193.2) (643;193.2) (649;95.1+153.1) (655;153.2) (661;153.2) (667;153.2) (673;153.1+56.1) (679;56.2) (685;56.2) (691;56.2) (697;56.2) (703;111.2) (709;140.2) (715;140.2) (721;39.2) (727;39.2) (733;39.2) (739;39.2) (745;52.2) (751;52.1+139.1) (757;139.2) (763;139.2) (769;139.2) (775;109.2) (781;109.2) (787;109.2) (793;109.2) (799;109.1+158.1) (805;158.2) (811;158.2) (817;158.2) (823;158.1+125.1) (829;125.1+163.1) (835;163.2) (841;163.2) (847;163.2) (853;163.2) (859;5.2) (865;5.2) (871;5.2) (877;5.2) (883;5.1+60.1) (889;60.1+7.1) (895;7.1+28.1) (901;28.2) (907;28.2) (913;28.2) (919;28.1+44.1) (925;44.2) (931;44.2) (937;44.2) (943;44.1+19.1) (949;19.2) (955;19.2) (961;19.2) (967;19.2) (973;41.2) (979;41.2) (985;41.2) (991;194.2) (997;194.2) (1003;175.2) (1009;175.2) (1015;175.2) (1021;175.1+66.1) (1027;66.2) (1033;66.2) (1039;66.1+179.1) (1045;179.2) (1051;179.2) (1057;97.1+4.1) (1063;4.2) (1069;4.2) (1075;4.1+78.1) (1081;78.2) (1087;78.2) (1093;78.2) (1099;78.2) (1105;63.2) (1111;63.2) (1117;199.2) (1123;199.2) (1129;199.1+168.1) (1135;168.2) (1141;168.1+187.1) (1147;187.1+76.1) (1153;76.2) (1159;76.2) (1165;76.2) (1171;76.1+161.1) (1177;161.2) (1183;161.2) (1189;161.2) (1195;114.2) (1201;114.1+171.1) (1207;171.1+43.1) (1213;43.2) (1219;43.1+104.1) (1225;198.2) (1231;198.2) (1237;198.2) (1243;198.2) (1249;198.1+154.1) (1255;154.2) (1261;154.2) (1267;154.2) (1273;154.2) (1279;69.2) (1285;69.2) (1291;131.1+37.1) (1297;37.2) (1303;37.2) (1309;129.2) (1315;129.2) (1321;129.2) (1327;129.1+73.1) (1333;73.1+55.1) (1339;55.2) (1345;55.2) (1351;55.2) (1357;55.1+160.1) (1363;160.2) (1369;160.1+31.1) (1375;31.2) (1381;31.2) (1387;31.1+116.1) (1393;116.1+133.1) (1399;133.2) (1405;84.2) (1411;84.2) (1417;84.2) (1423;84.2) (1429;183.2) (1435;183.2) (1441;183.2) (1447;183.2) (1453;72.2) (1459;72.2) (1465;72.2) (1471;72.2) (1477;72.1+121.1) (1483;121.2) (1489;121.2) (1495;121.1+172.1) (1501;172.2) (1507;172.2) (1513;100.2) (1519;159.2) (1525;159.2) (1531;192.2) (1537;192.2) (1543;192.1+8.1) (1549;8.1+23.1) (1555;23.2) (1561;23.1+53.1) (1567;53.2) (1573;53.1+93.1) (1579;93.2) (1585;85.2) (1591;85.2) (1597;149.2) (1603;149.2) (1609;149.1+49.1) (1615;49.2) (1621;49.2) (1627;49.2) (1633;49.2) (1639;25.2) (1645;25.2) (1651;25.2) (1657;127.2) (1663;11.2) (1669;11.2) (1675;11.2) (1681;186.2) (1687;46.2) (1693;46.2) (1699;46.2) (1705;46.2) (1711;46.1+144.1) (1717;144.2) (1723;144.2) (1729;144.1+157.1) (1735;157.2) (1741;157.2) (1747;157.1+34.1) (1753;34.2) (1759;34.2) (1765;34.2) (1771;10.2) (1777;10.2) (1783;10.2) (1789;10.2) (1795;64.2) (1801;64.2) (1807;64.2) (1813;64.2) (1819;191.2) (1825;150.1+24.1) (1831;24.2) (1837;24.2) (1843;24.2) (1849;24.1+122.1) (1855;122.2) (1861;92.2) (1867;13.2) (1873;13.2) (1879;170.2) (1885;170.2) (1891;94.2) (1897;94.2) (1903;94.2) (1909;94.2) (1915;94.1+12.1) (1921;12.2) (1927;12.2) (1933;12.2) (1939;185.2) (1945;185.2) (1951;57.1+178.1) (1957;178.2) (1963;178.2) (1969;178.2) (1975;178.1+71.1) (1981;33.2) (1987;33.2) (1993;33.1+17.1) (1999;17.2) (2005;17.1+42.1) (2011;42.2) (2017;42.1+88.1) (2023;88.2) (2029;88.1+99.1) (2035;99.2) (2041;99.2) (2047;99.2) (2053;147.2) (2059;147.2) (2065;147.1+177.1) (2071;177.2) (2077;22.2) (2083;22.2) (2089;22.2) (2095;22.2) (2101;32.2) (2107;32.2) (2113;51.2) (2119;51.2) (2125;51.2) (2131;68.2) (2137;68.2) (2143;68.2) (2149;3.2) (2155;3.2) (2161;3.2) (2167;3.2) (2173;3.1+165.1) (2179;165.1+2.1) (2185;2.2) (2191;2.1+174.1) (2197;98.2) (2203;98.2) (2209;98.2) (2215;98.2) (2221;98.1+180.1) (2227;180.1+118.1) (2233;118.2) (2239;118.2) (2245;106.2) (2251;106.2) (2257;106.2) (2263;77.2) (2269;77.2) (2275;77.2) (2281;9.2) (2287;9.2) (2293;9.2) (2299;151.2) (2305;151.2) (2311;151.2) (2317;151.1+173.1) (2323;173.2) (2329;173.2) (2335;173.2) (2341;113.2) (2347;113.2) (2353;113.2) (2359;70.2) (2365;137.2) (2371;137.2) (2377;137.1+50.1) (2383;50.2) (2389;50.2) (2395;50.1+59.1) (2401;59.2) (2407;59.2) (2413;59.2) (2419;59.1+141.1) (2425;141.2) (2431;141.2) (2437;141.2) (2443;141.1+126.1) (2449;126.2) (2455;126.2) (2461;126.1+15.1) (2467;15.2) (2473;15.2) (2479;15.2) (2485;120.2) (2491;65.2) (2497;65.2) (2503;65.2) (2509;164.2) (2515;164.2) (2521;164.2) (2527;164.1+145.1) (2533;145.1+119.1) (2539;119.2) (2545;119.2) (2551;119.2) (2557;119.2) (2563;1.2) (2569;1.2) (2575;1.1+74.1) (2581;74.2) (2587;74.2) (2593;74.2) (2599;136.2) (2605;136.2) (2611;136.2) (2617;136.1+87.1) (2623;67.2) (2629;67.2) (2635;67.2) (2641;67.1+128.1) (2647;128.1+90.1) (2653;90.2) (2659;90.2) (2665;90.2) (2671;90.2) (2677;135.2) (2683;115.2) (2689;115.1+107.1) (2695;107.2) (2701;107.2) (2707;107.2) (2713;107.1+108.1) (2719;108.2) (2725;108.2) (2731;108.1+27.1) (2737;27.2) (2743;27.2) (2749;96.2) (2755;96.2) (2761;96.2) (2767;47.1+29.1) (2773;29.2) (2779;29.2) (2785;29.2) (2791;29.1+184.1) (2797;184.1+190.1) (2803;190.2) (2809;190.1+123.1) (2815;123.1+83.1) (2821;83.2) (2827;83.2) (2833;83.2) (2839;83.1+182.1) (2845;182.2) (2851;167.2) (2857;167.2) (2863;167.2) (2869;167.1+152.1) (2875;152.1)
(2;51.3+129.2) (10;129.3+167.2) (18;167.5) (26;81.1+73.4) (34;73.5) (42;95.5) (50;45.3+48.2) (58;48.5) (66;48.2+97.2+158.1) (74;158.5) (82;158.1+195.2+169.2) (90;80.5) (98;80.1+145.4) (106;145.1+177.4) (114;177.1+14.4) (122;14.4+28.1) (130;28.2+29.3) (138;29.3+132.2) (146;132.3+69.2) (154;69.5) (162;61.5) (170;10.5) (178;10.4+37.1) (186;37.5) (194;37.1+111.3+2.1) (202;2.5) (210;78.2+137.3) (218;137.3+96.2) (226;110.5) (234;85.2+26.3) (242;33.5) (250;33.3+152.1+1.1) (258;1.5) (266;1.1+115.4) (274;115.5) (282;15.5) (290;15.3+160.2) (298;160.5) (306;153.1+9.4) (314;9.4+191.1) (322;191.1+12.2+18.2) (330;18.5) (338;18.1+106.4) (346;106.1+187.3+71.1) (354;71.5) (362;71.1+142.1+11.3) (370;11.3+72.2) (378;72.3+189.2) (386;46.5) (394;46.4+55.1) (402;79.5) (410;86.3+6.2) (418;6.5) (426;6.2+60.1+159.2) (434;159.5) (442;4.5) (450;114.3+179.2) (458;179.3+113.2) (466;113.5) (474;121.5) (482;121.4+17.1) (490;17.5) (498;98.5) (506;98.3+188.2) (514;188.4+164.1) (522;164.1+58.2+107.2) (530;107.4+116.1) (538;116.3+108.2) (546;108.5) (554;144.5) (562;144.2+19.3) (570;19.4+20.1) (578;20.4+52.1) (586;52.2+109.3) (594;109.5) (602;139.5) (610;148.2+22.3) (618;22.4+94.1) (626;94.3+190.1+126.1) (634;126.5) (642;126.3+38.2) (650;38.5) (658;166.2+161.1+149.2) (666;149.5) (674;149.1+35.2+135.2) (682;135.1+88.4) (690;88.3+176.2) (698;176.5) (706;162.2+68.3) (714;68.1+175.4) (722;175.4+112.1) (730;112.5) (738;112.1+74.4) (746;74.4+23.1) (754;171.5) (762;171.3+185.2) (770;185.5) (778;143.5) (786;54.1+27.4) (794;27.2+140.2+119.1) (802;119.5) (810;119.1+125.4) (818;125.3+13.2) (826;13.4+122.1) (834;122.5) (842;122.2+76.1+59.1+36.1) (850;36.5) (858;36.3+141.2) (866;141.5) (874;141.2+32.3) (882;32.5) (890;32.1+103.4) (898;103.3+157.1+16.1) (906;16.1+127.4) (914;127.5) (922;82.5) (930;82.3+30.2) (938;30.2+84.3) (946;84.4+3.1) (954;3.5) (962;3.1+192.3+133.1) (970;133.1+7.4) (978;170.3+194.2) (986;194.5) (994;194.2+154.3) (1002;65.5) (1010;197.5) (1018;197.3+180.2) (1026;180.5) (1034;186.5) (1042;186.4+156.1) (1050;156.2+47.3) (1058;47.3+77.2) (1066;77.2+92.3) (1074;92.4+34.1) (1082;101.4+155.1) (1090;155.5) (1098;155.1+128.4) (1106;128.2+173.3) (1114;67.5) (1122;67.1+198.3+50.1) (1130;50.5) (1138;50.1+41.3+182.1) (1146;182.5) (1154;178.5) (1162;178.2+151.3) (1170;151.3+199.1+146.1) (1178;146.5) (1186;146.3+181.2) (1194;181.2+57.3) (1202;57.3+172.2) (1210;172.5) (1218;172.2+184.3) (1226;184.5) (1234;184.1+118.1+53.3) (1242;53.4+105.1) (1250;105.5) (1258;105.2+120.3) (1266;120.5) (1274;120.1+49.1+42.1+131.2) (1282;131.3+25.2) (1290;25.4+62.1) (1298;62.2+163.3) (1306;163.5) (1314;163.1+63.4) (1322;63.1+40.4) (1330;40.4+75.1) (1338;75.2+100.3) (1346;100.4+5.1) (1354;5.5) (1362;5.2+39.3) (1370;39.2+89.3) (1378;89.5) (1386;99.4+90.1) (1394;90.5) (1402;90.1+196.4) (1410;196.4+193.1) (1418;193.3+8.2) (1426;8.5) (1434;8.2+168.3) (1442;168.5) (1450;168.1+87.4) (1458;87.5) (1466;44.3+136.2) (1474;136.5) (1482;136.1+174.2+21.2) (1490;21.3+24.2) (1498;24.1+165.2+66.2) (1506;43.2+91.1+117.2) (1514;117.5) (1522;31.5) (1530;93.5) (1538;93.3+56.2) (1546;56.5) (1554;56.1)
(5;12.1+163.2) (6;163.1+39.2) (8;39.1+175.1+114.1) (12;114.3) (15;114.2+129.1) (16;129.3) (17;129.3) (22;129.1+157.2) (23;157.3) (24;157.3) (29;157.1+43.2) (30;43.3) (33;43.2+125.1) (35;125.2+123.1) (39;123.3) (40;123.2+29.1) (41;29.3) (46;29.2+144.1) (47;144.3) (48;144.2+196.1) (53;196.3) (54;196.3) (57;64.3) (59;180.3) (63;180.1+33.2) (64;33.3) (65;33.2+36.1) (70;36.3) (71;36.3) (72;52.3) (77;52.3) (78;52.2+94.1) (81;94.1+194.2) (83;194.3) (87;194.3) (88;106.3) (89;176.3) (94;176.3) (95;176.2+79.1) (96;79.3) (101;79.3) (102;79.2+26.1) (105;26.3) (107;26.3) (111;26.1+140.2) (112;140.3) (113;140.3) (118;195.3) (119;195.3) (120;195.2+155.1) (125;155.2+71.1) (126;71.2+48.1) (129;67.3) (131;67.3) (135;13.3) (136;59.3) (137;59.3) (142;59.2+85.1) (143;85.3) (144;19.3) (149;19.2+8.1) (150;8.3) (153;8.3) (155;141.3) (159;141.1+181.2) (160;181.3) (161;181.3) (166;113.3) (167;113.3) (168;113.2+189.1) (173;189.3) (174;189.3) (177;189.1+73.1+58.1) (179;58.3) (183;58.1+69.2) (184;69.1+98.2) (185;98.3) (190;98.1+63.1+77.1) (191;77.1+80.2) (192;172.3) (197;172.1+56.2) (198;56.3) (201;56.3) (203;74.3) (207;74.3) (208;74.2+197.1) (209;197.3) (214;84.3) (215;84.1+160.2) (216;160.3) (221;45.3) (222;45.3) (225;45.3) (227;152.3) (231;152.1+41.2) (232;41.3) (233;41.2+133.1) (238;133.1+35.2) (239;35.1+193.1+158.1) (240;119.3) (245;119.3) (246;119.3) (249;107.3) (251;14.3) (255;174.3) (256;174.3) (257;174.3) (262;162.3) (263;162.2+22.1) (264;153.1+105.2) (269;105.3) (270;105.2+76.1) (273;76.3) (275;31.3) (279;31.3) (280;31.3) (281;75.3) (286;75.3) (287;75.3) (288;165.2+135.1) (293;135.2+50.1) (294;50.1+120.2) (297;120.3) (299;66.3) (303;4.1+62.2) (304;62.2+61.1) (305;61.1+166.2) (310;166.3) (311;166.3) (312;25.3) (317;25.3) (318;150.3) (321;150.3) (323;150.1+87.2) (327;87.3) (328;87.1+53.2) (329;53.3) (334;53.3) (335;53.1+24.2) (336;24.3) (341;24.3) (342;24.1+137.2) (345;137.2+5.1) (347;5.3) (351;5.1+115.2) (352;115.3) (353;168.3) (358;159.3) (359;159.1+110.2) (360;110.3) (365;110.3) (366;96.3) (369;96.3) (371;96.3) (375;95.1+149.1+116.1) (376;116.3) (377;116.2+44.1) (382;44.3) (383;44.1+20.2) (384;20.3) (389;20.1+186.1+183.1) (390;183.2+51.1) (393;51.2+104.1) (395;104.3) (399;161.2+169.1) (400;169.3) (401;190.1+46.2) (406;46.2+136.1) (407;136.3) (408;136.3) (413;136.2+68.1) (414;68.3) (417;68.3) (419;42.3) (423;42.2+1.1) (424;1.3) (425;173.3) (430;173.1+170.2) (431;170.3) (432;170.2+83.1) (437;83.3) (438;83.3) (441;111.3) (443;111.2+130.1) (447;130.1+143.2) (448;143.2+182.1) (449;182.3) (454;145.3) (455;145.3) (456;145.2+78.1) (461;78.3) (462;78.1+81.2) (465;81.3) (467;81.1+128.2) (471;128.3) (472;128.1+188.2) (473;188.3) (478;188.1+72.2) (479;72.3) (480;72.3) (485;179.3) (486;179.3) (489;179.3) (491;82.3) (495;82.1+109.2) (496;109.1+60.2) (497;9.3) (502;9.2+108.1) (503;131.3) (504;131.3) (509;131.2+154.1) (510;154.3) (513;154.3) (515;154.2+122.1) (519;122.3) (520;122.2+164.1) (521;164.3) (526;164.3) (527;164.2+177.1) (528;177.3) (533;192.3) (534;192.1+70.2) (537;70.3) (539;70.3) (543;18.2+139.1) (544;139.2+167.1) (545;167.3) (550;167.3) (551;117.3) (552;117.3) (557;54.1+97.2) (558;97.3) (561;97.3) (563;10.3) (567;151.3) (568;57.3) (569;57.3) (574;126.3) (575;126.2+92.1) (576;92.2+191.1) (581;191.3) (582;191.3) (585;191.2+124.1) (587;124.3) (591;17.2+38.1) (592;38.3) (593;38.3) (598;23.2+32.1) (599;32.3) (600;32.3) (605;32.1+142.2) (606;147.1+178.2) (609;178.2+37.1) (611;37.3) (615;37.1+200.2) (616;200.3) (617;156.2+118.1) (622;118.3) (623;118.2+88.1) (624;11.3) (629;11.2+184.1) (630;184.3) (633;184.1+138.2) (635;138.2+30.1) (639;30.3) (640;30.1+101.2) (641;101.3) (646;21.2+49.1) (647;49.3) (648;40.3) (653;2.1+100.2) (654;100.3) (657;7.3) (659;7.3) (663;7.3) (664;103.3) (665;103.3) (670;103.3) (671;86.3) (672;86.3) (677;86.3) (678;15.3) (681;15.3) (683;15.3)
(3;33.3+129.2) (11;129.1+140.4) (20;140.4+151.1) (28;151.5) (36;151.3+185.2) (44;185.2+149.3) (52;149.2+159.3) (60;159.2+187.3) (68;187.1+161.4) (76;161.1+188.4) (84;188.2+13.3) (92;13.5) (100;13.1+116.3+57.1) (108;57.5) (116;4.5) (124;4.3+78.2) (132;78.2+110.3) (140;110.3+111.2) (148;111.5) (156;88.3+11.2) (164;11.5) (172;93.4+97.1) (180;97.5) (188;28.5) (196;28.1+102.2+193.2) (204;193.1+41.3+122.1) (212;122.5) (220;122.1+61.4) (228;61.4+29.1) (236;29.5) (244;29.3+91.2) (252;91.5) (260;91.2+144.3) (268;144.1+137.4) (276;137.2+158.3) (284;158.4+30.1) (292;30.2+127.3) (300;127.3+108.2) (308;108.5) (316;108.2+69.3) (324;69.2+168.3) (332;168.4+150.1) (340;50.5) (348;50.3+170.2) (356;170.2+200.3) (364;200.5) (372;200.1+174.4) (380;174.4+103.1) (388;55.5) (396;55.4+37.1) (404;37.1+123.4) (412;123.2+83.3) (420;83.5) (428;83.1+34.4) (436;34.3+79.2) (444;79.5) (452;79.2+180.3) (460;180.4+115.1) (468;115.5) (476;115.3+183.2) (484;183.5) (492;183.1+136.4) (500;136.2+112.1+85.2) (508;85.1+155.4) (516;155.4+35.1) (524;35.2+152.3) (532;152.2+126.3) (540;46.5) (548;197.2+25.3) (556;7.5) (564;7.1+44.4) (572;44.5) (580;96.3+10.2) (588;10.5) (596;40.5) (604;40.1+23.4) (612;23.5) (620;192.5) (628;192.1+157.1+6.3) (636;6.4+132.1) (644;132.2+171.2+15.1) (652;15.3+186.2) (660;90.1+64.4) (668;64.4+154.1) (676;154.4+143.1) (684;143.4+21.1) (692;21.1+77.4) (700;77.2+16.3) (708;16.5) (716;16.1+120.4) (724;120.1+199.4) (732;199.1+26.4) (740;82.5) (748;190.5) (756;190.2+47.3) (764;47.2+160.3) (772;160.1+84.1+94.3) (780;94.2+87.3) (788;87.2+73.1+117.2) (796;117.2+67.2+163.1) (804;163.5) (812;163.1+63.4) (820;63.5) (828;51.4+169.1) (836;169.2+165.3) (844;165.5) (852;196.5) (860;196.3+173.2) (868;173.5) (876;173.2+178.3) (884;178.5) (892;164.5) (900;162.5) (908;162.2+45.3) (916;45.5) (924;45.1+141.4) (932;135.5) (940;135.1+107.2+1.2) (948;1.1+89.4) (956;139.3+18.2) (964;18.5) (972;195.3+2.2) (980;2.5) (988;99.5) (996;99.3+156.1+48.1) (1004;48.4+68.1) (1012;68.3+27.1+53.1) (1020;53.1+182.4) (1028;182.2+118.2+131.1) (1036;131.4+22.1) (1044;22.4+167.1) (1052;167.2+92.1+177.2) (1060;177.5) (1068;177.2+142.3) (1076;184.4+105.1) (1084;105.3+65.2) (1092;65.1+175.4) (1100;175.1+75.4) (1108;75.5) (1116;113.5) (1124;113.3+172.2) (1132;172.2+36.1+74.1+5.1) (1140;5.1+153.4) (1148;153.1+109.1+100.3) (1156;100.3+66.2) (1164;66.1+52.3+9.1) (1172;9.3+145.2) (1180;145.5) (1188;145.2+39.3) (1196;39.5) (1204;39.1+95.4) (1212;95.5) (1220;147.5) (1228;38.1+42.2+114.2) (1236;114.5) (1244;56.5) (1252;56.1+17.3+119.1) (1260;119.5) (1268;119.3+12.2) (1276;59.5) (1284;59.2+134.3) (1292;134.5) (1300;31.2+124.3) (1308;124.3+138.2) (1316;71.1+194.4) (1324;24.5) (1332;24.2+148.2+72.1) (1340;72.5) (1348;72.1+189.3+146.1) (1356;60.2+80.3) (1364;80.5) (1372;106.1+86.3+98.1) (1380;98.4+101.1) (1388;101.5) (1396;101.1+181.4) (1404;181.3+8.1+62.1) (1412;62.1+32.4) (1420;32.3+3.2) (1428;3.2+58.1+198.2) (1436;198.1)
(4;174.6+139.2) (9;139.3+88.2+90.3) (14;90.4+143.1+176.3) (21;176.3+81.3+193.2) (27;193.1+133.5+47.2) (32;47.7+127.1) (38;127.7+113.1) (45;113.4+82.4) (51;82.5+80.3) (56;80.2+56.3+101.3) (62;101.3+112.5) (69;112.4+155.2+142.2) (75;142.4+12.1+38.3) (80;38.4+85.4) (86;85.5+199.3) (93;199.3+34.5) (99;34.4+40.4) (104;40.1+181.3+103.2+29.2) (110;134.6+128.2) (117;128.7+70.1) (123;70.6+186.2) (128;186.1+105.5+51.2) (134;51.2+27.2+131.4) (141;191.1+185.1+135.2+16.2+49.2) (147;17.2+44.1+97.3+98.1+18.1) (152;18.5+14.3) (158;14.2+156.6) (165;156.1+173.6+94.1) (171;94.2+178.3+33.2+141.1) (176;141.3+183.3+161.2) (182;161.2+110.6) (189;110.1+53.7) (195;53.1+152.7) (200;125.6+162.2) (206;162.1+121.3+50.4) (213;50.5+10.3) (219;10.1+146.7) (224;78.8) (230;61.1+60.4+20.3) (237;20.4+169.4) (243;169.3+114.5) (248;148.6+73.2) (254;73.5+187.3) (261;167.8) (267;167.1+13.3+122.4) (272;122.4+188.1+77.3) (278;77.6+149.2) (285;149.5+118.3) (291;118.4+120.4) (296;120.3+23.5) (302;23.2+32.6) (309;75.5+145.3) (315;145.6+154.2) (320;154.3+115.5) (326;115.4+55.2+63.2) (333;63.4+198.4) (339;198.3+28.3+79.2) (344;79.4+107.4) (350;41.7+164.1) (357;164.1+35.7) (363;35.2+71.6) (368;71.2+132.6) (374;132.1+8.4+104.3) (381;104.5+99.3) (387;99.5+138.3) (392;138.5+136.3) (398;136.5+108.1+166.2) (405;166.5+160.3) (411;160.4+144.4) (416;144.4+59.4) (422;59.1+151.7) (429;153.1+184.7) (435;195.4+130.4) (440;130.2+126.6) (446;126.1+6.7) (453;6.1+65.1+147.6) (459;147.3+158.5) (464;158.2+26.1+172.5) (470;172.1+196.6+117.1) (477;117.1+87.3+177.4) (483;177.1+102.4+175.3) (488;175.2+54.6) (494;54.3+22.5) (501;22.3+21.5) (507;21.2+68.6) (512;68.2+171.5+129.1) (518;129.3+92.4+119.1) (525;119.4+39.4) (531;39.3+57.3+69.2) (536;3.7+1.1) (542;1.4+52.4) (549;52.3+36.5) (555;36.1+200.1+123.6) (560;123.2+67.6) (566;67.2+182.5+2.1) (573;2.5+96.3) (579;96.6+179.2) (584;95.6+83.2) (590;83.6+62.2) (597;62.3+30.1+4.4) (603;4.4+163.1+165.1+9.2) (608;37.4+159.4) (614;159.3+180.5) (621;7.4+76.4) (627;76.4+25.4) (632;25.1+11.7) (638;11.1+15.1+84.6) (645;84.2+43.1+58.5) (651;58.1+89.7) (656;89.2+93.6) (662;93.2+116.5+194.1) (669;194.2+137.5+72.1) (675;72.3+24.5) (680;24.2+150.6) (686;150.3+124.5) (693;124.4+189.4) (699;189.1+106.4)
