1 // s
4 // m
30 // n

// p, q, a
6 4 0 // M1
2 9 0 // M2
2 3 0 // M3
8 3 0 // M4

// M1 M2 M3 M4 M5
9 1 3 7 // J1
0 4 0 9 // J2
9 3 5 9 // J3
8 3 3 3 // J4
8 2 5 1 // J5
6 5 5 1 // J6
0 9 1 7 // J7
5 9 6 7 // J8
8 2 0 4 // J9
7 4 8 0 // J10
2 7 2 2 // J11
6 2 4 3 // J12
9 8 1 9 // J13
5 6 4 4 // J14
5 1 7 1 // J15
2 3 4 9 // J16
6 8 0 5 // J17
3 9 6 4 // J18
4 5 8 9 // J19
2 3 4 7 // J20
4 8 8 7 // J21
8 7 1 1 // J22
7 5 8 5 // J23
6 7 7 9 // J24
3 3 5 8 // J25
1 9 9 9 // J26
1 7 4 0 // J27
7 5 2 2 // J28
6 9 6 3 // J29
4 7 1 9 // J30

(2;1.4) (8;1.4) (14;1.1+3.3) (20;3.4) (26;3.2+4.2) (32;4.4) (38;4.2+5.2) (44;5.4) (50;5.2+6.2) (56;6.4) (62;8.4) (68;8.1+9.3) (74;9.4) (80;9.1+10.3) (86;10.4) (92;11.2+12.2) (98;12.4) (104;13.4) (110;13.4) (116;13.1+14.3) (122;14.2+15.2) (128;15.3+16.1) (134;16.1+17.3) (140;17.3+18.1) (146;18.2+19.2) (152;19.2+20.2) (158;21.4) (164;22.4) (170;22.4) (176;23.4) (182;23.3+24.1) (188;24.4) (194;24.1+25.3) (200;26.1+27.1+28.2) (206;28.4) (212;28.1+29.3) (218;29.3+30.1) (224;30.3)
(4;1.1+2.4+3.3+4.1) (6;4.2+5.2+6.5) (11;7.9) (13;8.9) (16;9.2+10.4+11.3) (19;11.4+12.2+13.3) (22;13.5+14.4) (24;14.2+15.1+16.3+17.3) (28;17.5+18.4) (30;18.5+19.4) (35;19.1+20.3+21.5) (37;21.3+22.6) (40;22.1+23.5+24.3) (43;24.4+25.3+26.2) (46;26.7+27.2) (48;27.5+28.4) (52;28.1+29.8) (54;29.1+30.7)
(3;1.3) (5;3.3) (7;3.2+4.1) (10;4.2+5.1) (12;5.3) (15;5.1+6.2) (18;6.3) (21;7.1+8.2) (23;8.3) (27;8.1+10.2) (29;10.3) (31;10.3) (34;11.2+12.1) (36;12.3) (39;13.1+14.2) (42;14.2+15.1) (45;15.3) (47;15.3) (51;16.3) (53;16.1+18.2) (55;18.3) (58;18.1+19.2) (60;19.3) (63;19.3) (66;20.3) (69;20.1+21.2) (71;21.3) (75;21.3) (77;22.1+23.2) (79;23.3) (82;23.3) (84;24.3) (87;24.3) (90;24.1+25.2) (93;25.3) (95;26.3) (99;26.3) (101;26.3) (103;27.3) (106;27.1+28.2) (108;29.3) (111;29.3) (114;30.1)
(1;1.3) (9;1.3) (17;1.1+2.2) (25;2.3) (33;2.3) (41;2.1+3.2) (49;3.3) (57;3.3) (65;3.1+4.2) (73;4.1+5.1+6.1) (81;7.3) (89;7.3) (97;7.1+8.2) (105;8.3) (113;8.2+9.1) (121;9.3) (129;11.2+12.1) (137;12.2+13.1) (145;13.3) (153;13.3) (161;13.2+14.1) (169;14.3) (177;15.1+16.2) (185;16.3) (193;16.3) (201;16.1+17.2) (209;17.3) (217;18.3) (225;18.1+19.2) (233;19.3) (241;19.3) (249;19.1+20.2) (257;20.3) (265;20.2+21.1) (273;21.3) (281;21.3) (289;22.1+23.2) (297;23.3) (305;24.3) (313;24.3) (321;24.3) (329;25.3) (337;25.3) (345;25.2+26.1) (353;26.3) (361;26.3) (369;26.2+28.1) (377;28.1+29.2) (385;29.1+30.2) (393;30.3) (401;30.3) (409;30.1)
