1 // s
2 // m
50 // n

// p, q, a
3 6 0 // M1
3 2 0 // M2

// M1 M2 M3
9 0 // J1
9 8 // J2
4 8 // J3
3 1 // J4
8 1 // J5
0 8 // J6
3 3 // J7
2 5 // J8
1 9 // J9
1 5 // J10
7 4 // J11
9 3 // J12
1 1 // J13
5 6 // J14
9 4 // J15
1 6 // J16
8 8 // J17
4 6 // J18
0 7 // J19
8 5 // J20
8 8 // J21
2 8 // J22
4 1 // J23
8 5 // J24
6 8 // J25
9 3 // J26
4 7 // J27
2 5 // J28
1 5 // J29
6 2 // J30
3 6 // J31
2 4 // J32
0 3 // J33
0 5 // J34
8 5 // J35
5 3 // J36
0 5 // J37
6 8 // J38
2 0 // J39
9 9 // J40
2 9 // J41
9 0 // J42
5 7 // J43
2 1 // J44
5 9 // J45
5 4 // J46
1 5 // J47
2 2 // J48
5 7 // J49
8 0 // J50

(2;1.6) (5;1.3+2.3) (8;2.6) (11;3.4+4.2) (14;4.1+5.5) (17;5.3+7.3) (20;8.2+9.1+10.1+11.2) (23;11.5+12.1) (26;12.6) (29;12.2+13.1+14.3) (32;14.2+15.4) (35;15.5+16.1) (38;17.6) (41;17.2+18.4) (44;20.6) (47;20.2+21.4) (50;21.4+22.2) (53;23.4+24.2) (56;24.6) (59;25.6) (62;26.6) (65;26.3+27.3) (68;27.1+28.2+29.1+30.2) (71;30.4+31.2) (74;31.1+32.2+35.3) (77;35.5+36.1) (80;36.4+38.2) (83;38.4+39.2) (86;40.6) (89;40.3+41.2+42.1) (92;42.6) (95;42.2+43.4) (98;43.1+44.2+45.3) (101;45.2+46.4) (104;46.1+47.1+48.2+49.2) (107;49.3+50.3) (110;50.5)
(1;2.2) (4;2.2) (7;2.2) (10;2.2) (13;3.2) (16;3.2) (19;3.2) (22;3.2) (25;4.1+5.1) (28;6.2) (31;6.2) (34;6.2) (37;6.2) (40;7.2) (43;7.1+8.1) (46;8.2) (49;8.2) (52;9.2) (55;9.2) (58;9.2) (61;9.2) (64;9.1+10.1) (67;10.2) (70;10.2) (73;11.2) (76;11.2) (79;12.2) (82;12.1+13.1) (85;14.2) (88;14.2) (91;14.2) (94;15.2) (97;15.2) (100;16.2) (103;16.2) (106;16.2) (109;17.2) (112;17.2) (115;17.2) (118;17.2) (121;18.2) (124;18.2) (127;18.2) (130;19.2) (133;19.2) (136;19.2) (139;19.1+20.1) (142;20.2) (145;20.2) (148;21.2) (151;21.2) (154;21.2) (157;21.2) (160;22.2) (163;22.2) (166;22.2) (169;22.2) (172;23.1+24.1) (175;24.2) (178;24.2) (181;25.2) (184;25.2) (187;25.2) (190;25.2) (193;26.2) (196;26.1+27.1) (199;27.2) (202;27.2) (205;27.2) (208;28.2) (211;28.2) (214;28.1+29.1) (217;29.2) (220;29.2) (223;30.2) (226;31.2) (229;31.2) (232;31.2) (235;32.2) (238;32.2) (241;33.2) (244;33.1+34.1) (247;34.2) (250;34.2) (253;35.2) (256;35.2) (259;35.1+36.1) (262;36.2) (265;37.2) (268;37.2) (271;37.1+38.1) (274;38.2) (277;38.2) (280;38.2) (283;38.1+40.1) (286;40.2) (289;40.2) (292;40.2) (295;40.2) (298;41.2) (301;41.2) (304;41.2) (307;41.2) (310;41.1+43.1) (313;43.2) (316;43.2) (319;43.2) (322;44.1+45.1) (325;45.2) (328;45.2) (331;45.2) (334;45.2) (337;46.2) (340;46.2) (343;47.2) (346;47.2) (349;47.1+48.1) (352;48.1+49.1) (355;49.2) (358;49.2) (361;49.2)
