1 // s
3 // m
50 // n

// p, q, a
3 2 0 // M1
2 9 0 // M2
4 3 0 // M3

// M1 M2 M3 M4
7 7 0 // J1
1 9 0 // J2
8 8 1 // J3
6 1 1 // J4
6 2 3 // J5
7 2 5 // J6
9 8 3 // J7
9 5 1 // J8
2 2 3 // J9
2 3 2 // J10
7 3 5 // J11
9 6 2 // J12
2 2 8 // J13
5 0 8 // J14
3 9 4 // J15
4 7 5 // J16
7 5 8 // J17
6 0 4 // J18
8 7 1 // J19
9 8 6 // J20
6 5 5 // J21
9 8 7 // J22
6 6 5 // J23
1 4 9 // J24
6 3 8 // J25
4 5 6 // J26
6 8 5 // J27
7 4 7 // J28
3 1 3 // J29
0 1 8 // J30
0 3 3 // J31
1 9 4 // J32
3 4 0 // J33
7 8 0 // J34
9 6 0 // J35
8 9 6 // J36
6 3 2 // J37
5 2 9 // J38
0 8 1 // J39
7 5 7 // J40
4 5 4 // J41
7 0 1 // J42
5 4 4 // J43
3 1 1 // J44
5 9 0 // J45
4 7 8 // J46
7 4 1 // J47
6 3 7 // J48
6 5 0 // J49
4 0 0 // J50

(1;4.2) (4;4.2) (7;4.2) (10;1.2) (13;1.2) (16;1.2) (19;1.1+42.1) (22;42.2) (25;42.2) (28;42.2) (31;50.2) (34;50.2) (37;3.2) (40;3.2) (43;3.2) (46;3.2) (49;10.2) (52;41.2) (55;41.2) (58;19.2) (61;19.2) (64;19.2) (67;19.2) (70;46.2) (73;46.2) (76;23.2) (79;23.2) (82;23.2) (85;2.1+48.1) (88;48.2) (91;48.2) (94;48.1+33.1) (97;33.2) (100;22.2) (103;22.2) (106;22.2) (109;22.2) (112;22.1+13.1) (115;13.1+35.1) (118;35.2) (121;35.2) (124;35.2) (127;35.2) (130;49.2) (133;49.2) (136;49.2) (139;32.1+40.1) (142;40.2) (145;40.2) (148;40.2) (151;14.2) (154;14.2) (157;14.1+38.1) (160;38.2) (163;38.2) (166;21.2) (169;21.2) (172;21.2) (175;17.2) (178;17.2) (181;17.2) (184;17.1+11.1) (187;11.2) (190;11.2) (193;11.2) (196;28.2) (199;28.2) (202;28.2) (205;28.1+5.1) (208;5.2) (211;5.2) (214;5.1+45.1) (217;45.2) (220;45.2) (223;25.2) (226;25.2) (229;25.2) (232;6.2) (235;6.2) (238;6.2) (241;6.1+36.1) (244;36.2) (247;36.2) (250;36.2) (253;36.1+37.1) (256;37.2) (259;37.2) (262;37.1+12.1) (265;12.2) (268;12.2) (271;12.2) (274;12.2) (277;29.2) (280;29.1+43.1) (283;43.2) (286;43.2) (289;8.2) (292;8.2) (295;8.2) (298;8.2) (301;8.1+24.1) (304;18.2) (307;18.2) (310;18.2) (313;9.2) (316;20.2) (319;20.2) (322;20.2) (325;20.2) (328;20.1+44.1) (331;44.2) (334;47.2) (337;47.2) (340;47.2) (343;47.1+34.1) (346;34.2) (349;34.2) (352;34.2) (355;7.2) (358;7.2) (361;7.2) (364;7.2) (367;7.1+27.1) (370;27.2) (373;27.2) (376;27.1+26.1) (379;26.2) (382;26.1+16.1) (385;16.2) (388;16.1+15.1) (391;15.2)
(3;34.8+20.1) (5;20.7+3.2) (8;3.6+40.3) (12;40.2+29.1+10.3+2.3) (14;2.6+49.3) (17;49.2+35.6+4.1) (21;6.2+17.5+21.2) (23;21.3+22.6) (26;22.2+25.3+12.4) (30;12.2+9.2+26.5) (32;47.4+28.4+41.1) (35;41.4+45.5) (39;45.4+44.1+7.4) (41;7.4+8.5) (44;19.7+36.2) (48;36.7+30.1+13.1) (50;13.1+32.8) (53;32.1+31.3+15.5) (57;15.4+23.5) (59;23.1+48.3+38.2+33.3) (62;33.1+24.4+11.3+39.1) (66;39.7+46.2) (68;46.5+43.4) (71;1.7+5.2) (75;27.8+16.1) (77;16.6+37.3)
(2;17.3) (6;17.3) (11;17.2+37.1) (15;37.1+26.2) (20;26.3) (24;26.1+41.2) (29;41.2+43.1) (33;43.3) (38;18.3) (42;18.1+22.2) (47;22.3) (51;22.2+38.1) (56;38.3) (60;38.3) (65;38.2+40.1) (69;40.3) (74;40.3) (78;48.3) (83;48.3) (87;48.1+47.1+13.1) (92;13.3) (96;13.3) (101;13.1+7.2) (105;7.1+6.2) (110;6.3) (114;28.3) (119;28.3) (123;28.1+16.2) (128;16.3) (132;19.1+27.2) (137;27.3) (141;25.3) (146;25.3) (150;25.2+15.1) (155;15.3) (159;29.3) (164;10.2+36.1) (168;36.3) (173;36.2+44.1) (177;4.1+20.2) (182;20.3) (186;20.1+46.2) (191;46.3) (195;46.3) (200;42.1+21.2) (204;21.3) (209;32.3) (213;32.1+11.2) (218;11.3) (222;24.3) (227;24.3) (231;24.3) (236;39.1+12.2) (240;3.1+31.2) (245;31.1+14.2) (249;14.3) (254;14.3) (258;8.1+23.2) (263;23.3) (267;9.3) (272;30.3) (276;30.3) (281;30.2+5.1) (285;5.2)
