1 // s
5 // m
100 // n

// p, q, a
5 2 0 // M1
2 7 0 // M2
9 5 0 // M3
4 3 0 // M4
4 7 0 // M5

// M1 M2 M3 M4 M5 M6
3 1 3 7 3 // J1
6 3 7 3 0 // J2
4 3 3 5 6 // J3
6 9 8 1 6 // J4
8 0 8 1 8 // J5
1 3 3 5 2 // J6
0 7 2 9 2 // J7
9 9 5 5 5 // J8
1 9 1 6 4 // J9
1 6 6 0 2 // J10
5 4 9 7 8 // J11
2 2 2 9 2 // J12
3 0 1 0 9 // J13
6 0 4 2 7 // J14
7 3 3 6 5 // J15
8 9 1 6 6 // J16
4 6 2 3 7 // J17
5 7 4 0 9 // J18
6 6 6 2 2 // J19
0 8 0 6 8 // J20
0 2 4 3 4 // J21
1 0 3 2 9 // J22
3 1 5 2 8 // J23
6 7 8 3 4 // J24
8 6 3 2 0 // J25
1 7 1 3 4 // J26
0 8 4 8 5 // J27
2 2 9 8 6 // J28
4 4 1 0 6 // J29
4 1 3 4 5 // J30
3 9 7 2 9 // J31
4 8 1 2 3 // J32
3 9 9 8 9 // J33
5 7 6 7 5 // J34
4 8 0 7 9 // J35
4 4 2 6 5 // J36
0 3 6 8 1 // J37
1 1 2 9 1 // J38
3 0 7 4 2 // J39
5 4 3 1 0 // J40
7 4 6 8 1 // J41
5 9 9 2 4 // J42
9 5 4 6 3 // J43
0 2 1 7 8 // J44
3 4 7 6 2 // J45
3 0 5 5 4 // J46
9 1 1 6 7 // J47
5 7 8 6 5 // J48
1 1 9 4 1 // J49
8 6 0 0 1 // J50
2 3 5 3 7 // J51
3 7 0 6 8 // J52
4 3 4 8 5 // J53
7 4 8 8 8 // J54
3 3 5 1 6 // J55
2 5 2 4 4 // J56
6 0 5 3 1 // J57
6 5 7 8 4 // J58
8 6 2 7 1 // J59
8 7 0 8 3 // J60
3 7 2 2 8 // J61
9 7 4 7 4 // J62
7 4 6 2 1 // J63
3 8 0 6 9 // J64
1 7 9 3 9 // J65
6 1 7 9 7 // J66
4 4 3 0 0 // J67
9 7 2 4 2 // J68
8 1 0 4 7 // J69
4 0 0 5 7 // J70
0 6 3 9 2 // J71
6 7 8 3 2 // J72
7 0 4 9 0 // J73
2 0 5 1 2 // J74
6 5 6 4 1 // J75
0 7 5 5 5 // J76
5 0 2 1 7 // J77
8 0 4 8 4 // J78
1 8 9 2 4 // J79
7 6 0 3 4 // J80
3 4 8 3 1 // J81
4 0 9 7 2 // J82
9 2 3 8 6 // J83
6 8 3 1 2 // J84
2 6 7 7 0 // J85
7 6 3 9 3 // J86
3 6 1 1 1 // J87
0 2 8 9 2 // J88
7 1 6 6 5 // J89
9 5 1 5 8 // J90
9 3 8 1 2 // J91
7 7 1 2 4 // J92
8 6 9 4 9 // J93
2 0 1 6 5 // J94
4 9 3 9 4 // J95
0 9 1 2 1 // J96
1 4 8 1 3 // J97
9 7 0 8 3 // J98
3 0 5 5 4 // J99
0 1 1 7 2 // J100

(1;92.2) (6;92.2) (11;92.2) (16;92.1+17.1) (21;17.2) (26;17.1+29.1) (31;29.2) (36;29.1+67.1) (41;67.2) (46;67.1+18.1) (51;18.2) (56;18.2) (61;63.2) (66;63.2) (71;63.2) (76;63.1+82.1) (81;82.2) (86;82.1+30.1) (91;30.2) (96;30.1+99.1) (101;99.2) (106;58.2) (111;58.2) (116;58.2) (121;10.1+68.1) (126;68.2) (131;68.2) (136;68.2) (141;68.2) (146;94.2) (151;13.2) (156;13.1+91.1) (161;91.2) (166;91.2) (171;91.2) (176;91.2) (181;56.2) (186;34.2) (191;34.2) (196;34.1+61.1) (201;61.2) (206;78.2) (211;78.2) (216;78.2) (221;78.2) (226;77.2) (231;77.2) (236;77.1+80.1) (241;80.2) (246;80.2) (251;80.2) (256;15.2) (261;15.2) (266;15.2) (271;15.1+54.1) (276;54.2) (281;54.2) (286;54.2) (291;12.2) (296;87.2) (301;87.1+43.1) (306;43.2) (311;43.2) (316;43.2) (321;43.2) (326;9.1+41.1) (331;41.2) (336;41.2) (341;41.2) (346;2.2) (351;2.2) (356;2.2) (361;69.2) (366;69.2) (371;69.2) (376;69.2) (381;5.2) (386;5.2) (391;5.2) (396;5.2) (401;48.2) (406;48.2) (411;48.1+38.1) (416;32.2) (421;32.2) (426;52.2) (431;52.1+64.1) (436;64.2) (441;86.2) (446;86.2) (451;86.2) (456;86.1+11.1) (461;11.2) (466;11.2) (471;79.1+25.1) (476;25.2) (481;25.2) (486;25.2) (491;25.1+50.1) (496;50.2) (501;50.2) (506;50.2) (511;50.1+89.1) (516;89.2) (521;89.2) (526;89.2) (531;66.2) (536;66.2) (541;66.2) (546;72.2) (551;72.2) (556;72.2) (561;62.2) (566;62.2) (571;62.2) (576;62.2) (581;62.1+51.1) (586;51.1+31.1) (591;31.2) (596;59.2) (601;59.2) (606;59.2) (611;59.2) (616;74.2) (621;6.1+33.1) (626;33.2) (631;65.1+39.1) (636;39.2) (641;4.2) (646;4.2) (651;4.2) (656;1.2) (661;1.1+28.1) (666;28.1+93.1) (671;93.2) (676;93.2) (681;93.2) (686;93.1+24.1) (691;24.2) (696;24.2) (701;24.1+97.1) (706;73.2) (711;73.2) (716;73.2) (721;73.1+14.1) (726;14.2) (731;14.2) (736;14.1+26.1) (741;23.2) (746;23.1+90.1) (751;90.2) (756;90.2) (761;90.2) (766;90.2) (771;8.2) (776;8.2) (781;8.2) (786;8.2) (791;8.1+98.1) (796;98.2) (801;98.2) (806;98.2) (811;98.2) (816;45.2) (821;45.1+35.1) (826;35.2) (831;35.1+84.1) (836;84.2) (841;84.2) (846;84.1+55.1) (851;55.2) (856;3.2) (861;3.2) (866;83.2) (871;83.2) (876;83.2) (881;83.2) (886;83.1+85.1) (891;85.1+42.1) (896;42.2) (901;42.2) (906;53.2) (911;53.2) (916;60.2) (921;60.2) (926;60.2) (931;60.2) (936;75.2) (941;75.2) (946;75.2) (951;47.2) (956;47.2) (961;47.2) (966;47.2) (971;47.1+57.1) (976;57.2) (981;57.2) (986;57.1+36.1) (991;36.2) (996;36.1+19.1) (1001;19.2) (1006;19.2) (1011;19.1+40.1) (1016;40.2) (1021;40.2) (1026;46.2) (1031;46.1+95.1) (1036;95.2) (1041;95.1+81.1) (1046;81.2) (1051;16.2) (1056;16.2) (1061;16.2) (1066;16.2) (1071;49.1+70.1) (1076;70.2) (1081;70.1+22.1)
(5;35.7) (9;35.1+53.3+96.3) (15;96.6+16.1) (19;16.7) (25;16.1+41.4+9.2) (29;9.7) (35;4.7) (39;4.2+21.2+62.3) (45;62.4+84.3) (49;84.5+63.2) (55;63.2+42.5) (59;42.4+80.3) (65;80.3+61.4) (69;61.3+66.1+23.1+64.2) (75;64.6+93.1) (79;93.5+95.2) (85;95.7) (89;79.7) (95;79.1+40.4+58.2) (99;58.3+89.1+59.3) (105;59.3+48.4) (109;48.3+43.4) (115;43.1+19.6) (119;72.7) (125;33.7) (129;33.2+60.5) (135;60.2+15.3+8.2) (139;8.7) (145;55.3+38.1+44.2+27.1) (149;27.7) (155;50.6+37.1) (159;37.2+56.5) (165;98.7) (169;67.4+25.3) (175;25.3+12.2+1.1+88.1) (179;88.1+49.1+28.2+17.3) (185;17.3+71.4) (189;71.2+100.1+7.4) (195;7.3+32.4) (199;32.4+75.3) (205;75.2+97.4+47.1) (209;36.4+76.3) (215;76.4+6.3) (219;24.7) (225;45.4+10.3) (229;10.3+30.1+2.3) (235;11.4+54.3) (239;54.1+18.6) (245;18.1+68.6) (249;68.1+91.3+69.1+87.2) (255;87.4+85.3) (259;85.3+81.4) (265;3.3+29.4) (269;90.5+34.2) (275;34.5+83.2) (279;31.7) (285;31.2+92.5) (289;92.2+65.5) (295;65.2+26.5) (299;26.2+86.5) (305;86.1+52.6) (309;52.1+51.3+20.3) (314;20.5)
(2;2.5) (12;2.2+77.2+7.1) (22;7.1+18.4) (32;19.5) (42;19.1+74.4) (52;74.1+91.4) (62;91.4+82.1) (72;82.5) (82;82.3+83.2) (92;83.1+16.1+71.3) (102;12.2+24.3) (112;24.5) (122;42.5) (132;42.4+17.1) (142;17.1+9.1+89.3) (152;89.3+4.2) (162;4.5) (172;4.1+61.2+55.2) (182;55.3+26.1+75.1) (192;75.5) (202;99.5) (212;51.5) (222;34.5) (232;34.1+87.1+1.3) (242;36.2+76.3) (252;76.2+25.3) (262;29.1+81.4) (272;81.4+48.1) (282;48.5) (292;48.2+30.3) (302;31.5) (312;31.2+84.3) (322;68.2+94.1+44.1+45.1) (332;45.5) (342;45.1+95.3+79.1) (352;79.5) (362;79.3+53.2) (372;53.2+86.3) (382;88.5) (392;88.3+47.1+49.1) (402;49.5) (412;49.3+96.1+23.1) (422;23.4+67.1) (432;67.2+100.1+37.2) (442;37.4+27.1) (452;27.3+65.2) (462;65.5) (472;65.2+41.3) (482;41.3+46.2) (492;46.3+97.2) (502;97.5) (512;97.1+11.4) (522;11.5) (532;54.5) (542;54.3+72.2) (552;72.5) (562;72.1+59.2+28.2) (572;28.5) (582;28.2+73.3) (592;73.1+85.4) (602;85.3+58.2) (612;58.5) (622;57.5) (632;63.5) (642;63.1+90.1+92.1+21.2) (652;21.2+3.3) (662;66.5) (672;66.2+6.3) (682;14.4+33.1) (692;33.5) (702;33.3+15.2) (712;15.1+62.4) (722;38.2+32.1+10.2) (732;10.4+78.1) (742;78.3+13.1+93.1) (752;93.5) (762;93.3+5.2) (772;5.5) (782;5.1+56.2+8.2) (792;8.3+39.2) (802;39.5) (812;40.3+22.2) (822;22.1+43.4)
(3;36.3) (7;36.3) (13;11.3) (17;11.3) (23;11.1+58.2) (27;58.3) (33;58.3) (37;98.3) (43;98.3) (47;98.2+53.1) (53;53.3) (57;53.3) (63;53.1+52.2) (67;52.3) (73;52.1+12.2) (77;12.3) (83;12.3) (87;12.1+26.2) (93;26.1+27.2) (97;27.3) (103;27.3) (107;78.3) (113;78.3) (117;78.2+20.1) (123;20.3) (127;20.2+31.1) (133;31.1+61.2) (137;86.3) (143;86.3) (147;86.3) (153;97.1+19.2) (157;77.1+89.2) (163;89.3) (167;89.1+48.2) (173;48.3) (177;48.1+83.2) (183;83.3) (187;83.3) (193;23.2+76.1) (197;76.3) (203;76.1+39.2) (207;39.2+37.1) (213;37.3) (217;37.3) (223;37.1+16.2) (227;16.3) (233;16.1+72.2) (237;72.1+99.2) (243;99.3) (247;51.3) (253;32.2+8.1) (257;8.3) (263;8.1+95.2) (267;95.3) (273;95.3) (277;95.1+6.2) (283;6.3) (287;82.3) (293;82.3) (297;82.1+35.2) (303;35.3) (307;35.2+40.1) (313;79.2+38.1) (317;38.3) (323;38.3) (327;38.2+43.1) (333;43.3) (337;43.2+63.1) (343;63.1+14.2) (347;4.1+87.1+71.1) (353;71.3) (357;71.3) (363;71.2+55.1) (367;46.3) (373;46.2+68.1) (377;68.3) (383;93.3) (387;93.1+44.2) (393;44.3) (397;44.2+66.1) (403;66.3) (407;66.3) (413;66.2+25.1) (417;25.1+74.1+100.1) (423;100.3) (427;100.3) (433;30.3) (437;30.1+2.2) (443;2.1+15.2) (447;15.3) (453;15.1+28.2) (457;28.3) (463;28.3) (467;60.3) (473;60.3) (477;60.2+88.1) (483;88.3) (487;88.3) (493;88.2+70.1) (497;70.3) (503;70.1+41.2) (507;41.3) (513;41.3) (517;90.3) (523;90.2+33.1) (527;33.3) (533;33.3) (537;33.1+34.2) (543;34.3) (547;34.2+64.1) (553;64.3) (557;64.2+7.1) (563;7.3) (567;7.3) (573;7.2+3.1) (577;3.3) (583;3.1+59.2) (587;59.3) (593;59.2+49.1) (597;49.3) (603;62.3) (607;62.3) (613;62.1+94.2) (617;94.3) (623;94.1+81.2) (627;81.1+54.2) (633;54.3) (637;54.3) (643;85.3) (647;85.3) (653;85.1+24.2) (657;24.1+1.2) (663;1.3) (667;1.2+84.1) (673;21.3) (677;92.2+96.1) (683;96.1+45.2) (687;45.3) (693;45.1+80.2) (697;80.1+47.2) (703;47.3) (707;47.1+9.2) (713;9.3) (717;9.1+17.2) (723;17.1+56.2) (727;56.2+42.1) (733;42.1+75.2) (737;75.2+65.1) (743;65.2+5.1) (747;57.3) (753;69.3) (757;69.1+91.1+73.1) (763;73.3) (767;73.3) (773;73.2+22.1) (777;22.1)
(4;61.7) (8;61.1+93.6) (14;93.3+41.1+80.3) (18;80.1+87.1+59.1+65.4) (24;65.5+58.2) (28;58.2+29.5) (34;29.1+21.4+84.2) (38;89.5+37.1+10.1) (44;10.1+36.5+79.1) (48;79.3+35.4) (54;35.5+32.2) (58;32.1+96.1+69.5) (64;69.2+42.4+78.1) (68;78.3+76.4) (74;76.1+15.5+81.1) (78;26.4+33.3) (84;33.6+64.1) (88;64.7) (94;64.1+39.2+83.4) (98;83.2+30.5) (104;70.7) (108;66.7) (114;57.1+18.6) (118;18.3+46.4) (124;17.7) (128;19.2+9.4+94.1) (134;94.4+63.1+22.2) (138;22.7) (144;48.5+11.2) (148;11.6+97.1) (154;97.2+98.3+75.1+20.1) (158;20.7) (164;62.4+7.2+3.1) (168;3.5+52.2) (174;52.6+43.1) (178;43.2+49.1+74.2+12.2) (184;16.6+24.1) (188;24.3+50.1+88.2+23.1) (194;23.7) (198;60.3+99.4) (204;38.1+4.6) (208;28.6+6.1) (214;6.1+55.6) (218;13.7) (224;13.2+90.5) (228;90.3+100.2+77.2) (234;77.5+45.2) (238;95.4+27.3) (244;27.2+44.5) (248;44.3+91.2+53.2) (254;53.3+68.2+54.2) (258;54.6+1.1) (264;1.2+82.2+14.3) (268;14.4+92.3) (274;92.1+86.3+47.3) (278;47.4+34.3) (284;34.2+5.5) (288;5.3+71.2+31.2) (294;31.7) (298;72.2+51.5) (304;51.2+56.4+8.1) (308;8.4)
