1 // s
4 // m
100 // n

// p, q, a
8 4 0 // M1
8 2 0 // M2
8 4 0 // M3
9 4 0 // M4

// M1 M2 M3 M4 M5
0 9 7 2 // J1
8 0 2 2 // J2
0 3 9 3 // J3
1 2 6 2 // J4
6 8 4 7 // J5
8 5 9 1 // J6
4 0 2 4 // J7
3 2 6 4 // J8
3 7 6 5 // J9
8 6 9 2 // J10
5 1 8 8 // J11
1 6 2 5 // J12
7 6 3 0 // J13
8 2 4 5 // J14
9 5 7 8 // J15
8 7 8 8 // J16
6 5 9 4 // J17
6 0 3 9 // J18
8 1 1 6 // J19
6 1 0 7 // J20
7 6 7 6 // J21
8 6 5 1 // J22
2 0 6 3 // J23
9 1 3 7 // J24
2 9 1 5 // J25
7 7 8 6 // J26
2 3 1 6 // J27
0 8 8 7 // J28
5 0 0 1 // J29
9 1 0 0 // J30
9 8 2 6 // J31
3 0 0 7 // J32
7 4 3 6 // J33
0 4 0 9 // J34
7 0 4 4 // J35
5 9 0 3 // J36
1 8 8 8 // J37
0 1 8 0 // J38
9 0 6 8 // J39
5 2 3 2 // J40
3 4 8 6 // J41
4 1 7 0 // J42
0 0 4 9 // J43
7 5 5 0 // J44
7 8 4 5 // J45
2 2 6 5 // J46
5 2 7 9 // J47
8 1 3 5 // J48
7 2 1 0 // J49
0 4 9 9 // J50
0 7 7 9 // J51
7 9 3 4 // J52
5 5 0 7 // J53
8 7 9 0 // J54
7 2 0 1 // J55
4 7 2 9 // J56
6 9 1 5 // J57
4 4 0 3 // J58
9 4 4 4 // J59
4 6 8 6 // J60
9 3 3 2 // J61
0 6 6 0 // J62
2 0 2 7 // J63
3 7 5 3 // J64
5 8 2 8 // J65
7 8 9 1 // J66
5 6 8 4 // J67
2 5 5 1 // J68
4 3 2 1 // J69
3 9 8 0 // J70
2 1 2 3 // J71
1 2 0 1 // J72
9 1 9 6 // J73
3 9 9 1 // J74
3 2 7 4 // J75
7 2 7 7 // J76
5 1 2 9 // J77
4 3 9 5 // J78
0 2 5 6 // J79
5 6 9 2 // J80
6 6 5 1 // J81
6 9 7 4 // J82
4 1 8 1 // J83
2 3 2 0 // J84
4 5 8 0 // J85
0 0 7 5 // J86
2 3 5 1 // J87
3 2 6 7 // J88
3 4 7 0 // J89
7 5 0 5 // J90
3 7 5 3 // J91
5 7 3 6 // J92
9 5 2 9 // J93
7 8 2 6 // J94
9 9 9 2 // J95
4 6 1 1 // J96
5 1 7 7 // J97
6 1 2 8 // J98
4 2 6 2 // J99
5 3 0 4 // J100

(3;2.4) (12;2.4) (21;4.1+5.3) (30;5.3+6.1) (39;6.4) (48;6.3+7.1) (58;7.3+8.1) (67;8.2+9.2) (76;9.1+10.3) (85;10.4) (94;10.1+11.3) (103;11.2+12.1+13.1) (112;13.4) (122;13.2+14.2) (131;14.4) (140;14.2+15.2) (149;15.4) (158;15.3+16.1) (167;16.4) (176;16.3+17.1) (184;17.4) (192;17.1+18.3) (200;18.3+19.1) (208;19.4) (216;19.3+20.1) (224;20.4) (234;20.1+21.3) (243;21.4) (252;22.4) (260;22.4) (268;23.2+24.2) (276;24.4) (284;24.3+25.1) (292;25.1+26.3) (300;26.4) (309;27.2+29.2) (318;29.3+30.1) (327;30.4) (335;30.4) (343;31.4) (351;31.4) (359;31.1+32.3) (367;33.4) (375;33.3+35.1) (384;35.4) (394;35.2+36.2) (403;36.3+37.1) (411;39.4) (419;39.4) (427;39.1+40.3) (435;40.2+41.2) (443;41.1+42.3) (451;42.1+44.3) (460;44.4) (469;45.4) (478;45.3+46.1) (486;46.1+47.3) (494;47.2+48.2) (502;48.4) (510;48.2+49.2) (518;49.4) (526;49.1+52.3) (535;52.4) (544;53.4) (554;53.1+54.3) (562;54.4) (570;54.1+55.3) (578;55.4) (586;56.4) (594;57.4) (602;57.2+58.2) (611;58.2+59.2) (620;59.4) (629;59.3+60.1) (637;60.3+61.1) (645;61.4) (653;61.4) (661;63.2+64.2) (669;64.1+65.3) (677;65.2+66.2) (686;66.4) (695;66.1+67.3) (704;67.2+68.2) (712;69.4) (720;70.3+71.1) (728;71.1+72.1+73.2) (736;73.4) (744;73.3+74.1) (752;74.2+75.2) (762;75.1+76.3) (771;76.4) (780;77.4) (788;77.1+78.3) (796;78.1+80.3) (804;80.2+81.2) (812;81.4) (820;82.4) (828;82.2+83.2) (837;83.2+84.2) (846;85.4) (855;87.2+88.2) (863;88.1+89.3) (871;90.4) (879;90.3+91.1) (887;91.2+92.2) (895;92.3+93.1) (903;93.4) (912;93.4) (922;94.4) (931;94.3+95.1) (939;95.4) (947;95.4) (955;96.4) (963;97.4) (971;97.1+98.3) (979;98.3+99.1) (988;99.3+100.1) (997;100.4)
(1;1.2) (9;1.2) (17;1.2) (25;1.2) (33;1.1+3.1) (41;3.2) (49;4.2) (57;5.2) (65;5.2) (73;5.2) (81;5.2) (89;6.2) (97;6.2) (105;6.1+8.1) (113;8.1+9.1) (121;9.2) (129;9.2) (137;9.2) (145;10.2) (153;10.2) (161;10.2) (169;11.1+12.1) (177;12.2) (185;12.2) (193;12.1+13.1) (201;13.2) (209;13.2) (217;13.1+14.1) (225;14.1+15.1) (233;15.2) (241;15.2) (249;16.2) (257;16.2) (265;16.2) (273;16.1+17.1) (281;17.2) (289;17.2) (297;19.1+20.1) (305;21.2) (313;21.2) (321;21.2) (329;22.2) (337;22.2) (345;22.2) (353;24.1+25.1) (361;25.2) (369;25.2) (377;25.2) (385;25.2) (393;26.2) (401;26.2) (409;26.2) (417;26.1+27.1) (425;27.2) (433;28.2) (441;28.2) (449;28.2) (457;28.2) (465;30.1+31.1) (473;31.2) (481;31.2) (489;31.2) (497;31.1+33.1) (505;33.2) (513;33.1+34.1) (521;34.2) (529;34.1+36.1) (537;36.2) (545;36.2) (553;36.2) (561;36.2) (569;37.2) (577;37.2) (585;37.2) (593;37.2) (601;38.1+40.1) (609;40.1+41.1) (617;41.2) (625;41.1+42.1) (633;44.2) (641;44.2) (649;44.1+45.1) (657;45.2) (665;45.2) (673;45.2) (681;45.1+46.1) (689;46.1+47.1) (697;47.1+48.1) (705;49.2) (713;50.2) (721;50.2) (729;51.2) (737;51.2) (745;51.2) (753;51.1+52.1) (761;52.2) (769;52.2) (777;52.2) (785;52.2) (793;53.2) (801;53.2) (809;53.1+54.1) (817;54.2) (825;54.2) (833;54.2) (841;55.2) (849;56.2) (857;56.2) (865;56.2) (873;56.1+57.1) (881;57.2) (889;57.2) (897;57.2) (905;57.2) (913;58.2) (921;58.2) (929;59.2) (937;59.2) (945;60.2) (953;60.2) (961;60.2) (969;61.2) (977;61.1+62.1) (985;62.2) (993;62.2) (1001;62.1+64.1) (1009;64.2) (1017;64.2) (1025;64.2) (1033;65.2) (1041;65.2) (1049;65.2) (1057;65.2) (1065;66.2) (1073;66.2) (1081;66.2) (1089;66.2) (1097;67.2) (1105;67.2) (1113;67.2) (1121;68.2) (1129;68.2) (1137;68.1+69.1) (1145;69.2) (1153;70.2) (1161;70.2) (1169;70.2) (1177;70.2) (1185;70.1+71.1) (1193;72.2) (1201;73.1+74.1) (1209;74.2) (1217;74.2) (1225;74.2) (1233;74.2) (1241;75.2) (1249;76.2) (1257;77.1+78.1) (1265;78.2) (1273;79.2) (1281;80.2) (1289;80.2) (1297;80.2) (1305;81.2) (1313;81.2) (1321;81.2) (1329;82.2) (1337;82.2) (1345;82.2) (1353;82.2) (1361;82.1+83.1) (1369;84.2) (1377;84.1+85.1) (1385;85.2) (1393;85.2) (1401;87.2) (1409;87.1+88.1) (1417;88.1+89.1) (1425;89.2) (1433;89.1+90.1) (1441;90.2) (1449;90.2) (1457;91.2) (1465;91.2) (1473;91.2) (1481;91.1+92.1) (1489;92.2) (1497;92.2) (1505;92.2) (1513;93.2) (1521;93.2) (1529;93.1+94.1) (1537;94.2) (1545;94.2) (1553;94.2) (1561;94.1+95.1) (1569;95.2) (1577;95.2) (1585;95.2) (1593;95.2) (1601;96.2) (1609;96.2) (1617;96.2) (1625;97.1+98.1) (1633;99.2) (1641;100.2) (1649;100.1)
(4;1.4) (13;1.3+2.1) (22;2.1+3.3) (31;3.4) (40;3.2+4.2) (50;4.4) (59;5.4) (68;6.4) (77;6.4) (86;6.1+7.2+8.1) (95;8.4) (104;8.1+9.3) (114;9.3+10.1) (123;10.4) (132;10.4) (141;11.4) (150;11.4) (159;12.2+13.2) (168;13.1+14.3) (178;14.1+15.3) (187;15.4) (196;16.4) (205;16.4) (214;17.4) (223;17.4) (232;17.1+18.3) (242;19.1+21.3) (251;21.4) (259;22.4) (267;22.1+23.3) (275;23.3+24.1) (283;24.2+25.1+26.1) (291;26.4) (299;26.3+27.1) (308;28.4) (317;28.4) (326;31.2+33.2) (334;33.1+35.3) (342;35.1+37.3) (350;37.4) (358;37.1+38.3) (366;38.4) (374;38.1+39.3) (383;39.3+40.1) (392;40.2+41.2) (402;41.4) (410;41.2+42.2) (418;42.4) (426;42.1+43.3) (434;43.1+44.3) (442;44.2+45.2) (450;45.2+46.2) (459;46.4) (468;47.4) (477;47.3+48.1) (485;48.2+49.1+50.1) (493;50.4) (501;50.4) (509;51.4) (517;51.3+52.1) (525;52.2+54.2) (534;54.4) (543;54.3+56.1) (552;56.1+57.1+59.2) (560;59.2+60.2) (568;60.4) (576;60.2+61.2) (584;61.1+62.3) (592;62.3+63.1) (600;63.1+64.3) (610;64.2+65.2) (619;66.4) (628;66.4) (636;66.1+67.3) (644;67.4) (652;67.1+68.3) (660;68.2+69.2) (668;70.4) (676;70.4) (685;71.2+73.2) (694;73.4) (703;73.3+74.1) (711;74.4) (719;74.4) (727;75.4) (735;75.3+76.1) (743;76.4) (751;76.2+77.2) (760;78.4) (770;78.4) (779;78.1+79.3) (787;79.2+80.2) (795;80.4) (803;80.3+81.1) (811;81.4) (819;82.4) (827;82.3+83.1) (836;83.4) (845;83.3+84.1) (854;84.1+85.3) (862;85.4) (870;85.1+86.3) (878;86.4) (886;87.4) (894;87.1+88.3) (902;88.3+89.1) (911;89.4) (920;89.2+91.2) (930;91.3+92.1) (938;92.2+93.2) (946;94.2+95.2) (954;95.4) (962;95.3+96.1) (970;97.4) (978;97.3+98.1) (987;98.1+99.3) (996;99.3)
(2;1.2+2.2) (11;3.3+4.1) (20;4.1+5.3) (29;5.4) (38;6.1+7.3) (47;7.1+8.3) (56;8.1+9.3) (66;9.2+10.2) (75;11.4) (84;11.4) (93;12.4) (102;12.1+14.3) (111;14.2+15.2) (120;15.4) (130;15.2+16.2) (139;16.4) (148;16.2+17.2) (157;17.2+18.2) (166;18.4) (175;18.3+19.1) (186;19.4) (195;19.1+20.3) (204;20.4) (213;21.4) (222;21.2+22.1+23.1) (231;23.2+24.2) (240;24.4) (250;24.1+25.3) (261;25.2+26.2) (270;26.4) (279;27.4) (288;27.2+28.2) (298;28.4) (307;28.1+29.1+31.2) (316;31.4) (325;32.4) (336;32.3+33.1) (346;33.4) (355;33.1+34.3) (364;34.4) (373;34.2+35.2) (382;35.2+36.2) (391;36.1+37.3) (400;37.4) (412;37.1+39.3) (421;39.4) (430;39.1+40.2+41.1) (439;41.4) (448;41.1+43.3) (458;43.4) (467;43.2+45.2) (476;45.3+46.1) (487;46.4) (496;47.4) (506;47.4) (515;47.1+48.3) (524;48.2+50.2) (533;50.4) (542;50.3+51.1) (551;51.4) (563;51.4) (572;52.4) (581;53.4) (590;53.3+55.1) (599;56.4) (608;56.4) (618;56.1+57.3) (627;57.2+58.2) (638;58.1+59.3) (647;59.1+60.3) (656;60.3+61.1) (666;61.1+63.3) (675;63.4) (684;64.3+65.1) (693;65.4) (702;65.3+66.1) (714;67.4) (723;68.1+69.1+71.2) (732;71.1+72.1+73.2) (741;73.4) (750;74.1+75.3) (759;75.1+76.3) (768;76.4) (778;77.4) (789;77.4) (798;77.1+78.3) (807;78.2+79.2) (816;79.4) (826;80.2+81.1+82.1) (835;82.3+83.1) (844;86.4) (853;86.1+87.1+88.2) (864;88.4) (874;88.1+90.3) (883;90.2+91.2) (892;91.1+92.3) (901;92.3+93.1) (910;93.4) (919;93.4) (928;94.4) (940;94.2+95.2) (949;96.1+97.3) (958;97.4) (967;98.4) (976;98.4) (986;99.2+100.2) (995;100.2)
