1 // s
3 // m
50 // n

// p, q, a
9 2 0 // M1
2 5 0 // M2
7 5 0 // M3

// M1 M2 M3 M4
1 9 2 // J1
2 7 9 // J2
7 2 2 // J3
2 9 8 // J4
4 1 9 // J5
6 7 8 // J6
5 4 6 // J7
2 4 5 // J8
6 2 1 // J9
5 0 4 // J10
2 2 5 // J11
7 0 2 // J12
7 4 0 // J13
7 9 6 // J14
7 0 7 // J15
3 7 4 // J16
6 2 3 // J17
3 8 2 // J18
8 9 4 // J19
6 6 5 // J20
7 1 2 // J21
8 0 6 // J22
2 6 1 // J23
6 9 2 // J24
8 8 4 // J25
9 4 4 // J26
7 2 5 // J27
7 8 7 // J28
0 8 3 // J29
3 9 1 // J30
7 0 8 // J31
5 9 7 // J32
4 9 9 // J33
0 1 0 // J34
3 9 3 // J35
0 5 9 // J36
7 8 4 // J37
9 8 4 // J38
9 0 3 // J39
4 7 1 // J40
2 9 7 // J41
9 8 9 // J42
4 3 9 // J43
7 5 5 // J44
5 7 1 // J45
4 3 8 // J46
4 0 3 // J47
4 5 1 // J48
6 7 1 // J49
4 5 8 // J50

(1;1.1+16.1) (10;16.2) (19;4.2) (28;50.2) (37;50.2) (46;44.2) (55;44.2) (64;44.2) (73;44.1+35.1) (82;35.2) (91;25.2) (100;25.2) (109;25.2) (118;25.2) (127;20.2) (136;20.2) (145;20.2) (154;26.2) (163;26.2) (172;26.2) (181;26.2) (190;26.1+7.1) (199;7.2) (208;7.2) (217;38.2) (226;38.2) (235;38.2) (244;38.2) (253;38.1+45.1) (262;45.2) (271;45.2) (280;40.2) (289;40.2) (298;11.2) (307;14.2) (316;14.2) (325;14.2) (334;14.1+28.1) (343;28.2) (352;28.2) (361;28.2) (370;32.2) (379;32.2) (388;32.1+12.1) (397;12.2) (406;12.2) (415;12.2) (424;47.2) (433;47.2) (442;5.2) (451;5.2) (460;39.2) (469;39.2) (478;39.2) (487;39.2) (496;39.1+41.1) (505;41.1+13.1) (514;13.2) (523;13.2) (532;13.2) (541;23.2) (550;22.2) (559;22.2) (568;22.2) (577;22.2) (586;2.2) (595;46.2) (604;46.2) (613;15.2) (622;15.2) (631;15.2) (640;15.1+33.1) (649;33.2) (658;33.1+48.1) (667;48.2) (676;48.1+37.1) (685;37.2) (694;37.2) (703;37.2) (712;24.2) (721;24.2) (730;24.2) (739;43.2) (748;43.2) (757;31.2) (766;31.2) (775;31.2) (784;31.1+9.1) (793;9.2) (802;9.2) (811;9.1+3.1) (820;3.2) (829;3.2) (838;3.2) (847;27.2) (856;27.2) (865;27.2) (874;27.1+10.1) (883;10.2) (892;10.2) (901;19.2) (910;19.2) (919;19.2) (928;19.2) (937;18.2) (946;18.1+42.1) (955;42.2) (964;42.2) (973;42.2) (982;42.2) (991;6.2) (1000;6.2) (1009;6.2) (1018;8.2) (1027;30.2) (1036;30.1+21.1) (1045;21.2) (1054;21.2) (1063;21.2) (1072;49.2) (1081;49.2) (1090;49.2) (1099;17.2) (1108;17.2) (1117;17.2)
(3;13.4+21.1) (5;49.5) (7;49.2+14.3) (11;14.5) (13;14.1+43.3+28.1) (15;28.5) (17;28.2+33.3) (20;33.5) (22;33.1+8.4) (24;18.5) (26;18.3+1.2) (29;1.5) (31;1.2+2.3) (33;2.4+35.1) (35;35.5) (39;35.3+4.2) (41;4.5) (43;4.2+38.3) (47;38.5) (49;17.2+27.2+45.1) (51;45.5) (53;45.1+23.4) (56;23.2+42.3) (58;42.5) (60;25.5) (62;25.3+20.2) (65;20.4+40.1) (67;40.5) (69;40.1+19.4) (71;19.5) (75;50.5) (77;36.5) (79;5.1+34.1+26.3) (83;26.1+24.4) (85;24.5) (87;37.5) (89;37.3+32.2) (92;32.5) (94;32.2+16.3) (96;16.4+41.1) (98;41.5) (101;41.3+7.2) (103;7.2+46.3) (105;6.5) (107;6.2+30.3) (111;30.5) (113;30.1+29.4) (115;29.4+44.1) (119;44.4+9.1) (121;9.1+48.4) (123;48.1+3.2+11.2)
(2;46.5) (9;46.3+22.2) (16;22.4+37.1) (23;37.3+12.2) (30;6.5) (38;6.3+1.2) (45;30.1+32.4) (52;32.3+16.2) (59;16.2+27.3) (66;27.2+40.1+35.2) (74;35.1+2.4) (81;2.5) (88;45.1+15.4) (95;15.3+20.2) (102;20.3+19.2) (110;19.2+42.3) (117;42.5) (124;42.1+14.4) (131;14.2+41.3) (138;41.4+26.1) (146;26.3+48.1+36.1) (153;36.5) (160;36.3+9.1+8.1) (167;8.4+11.1) (174;11.4+23.1) (182;21.2+38.3) (189;38.1+39.3+7.1) (196;7.5) (203;5.5) (210;5.4+17.1) (218;17.2+31.3) (225;31.5) (232;25.4+33.1) (239;33.5) (246;33.3+28.2) (254;28.5) (261;10.4+49.1) (268;4.5) (275;4.3+3.2) (282;18.2+50.3) (290;50.5) (297;43.5) (304;43.4+29.1) (311;29.2+44.3) (318;44.2+24.2+47.1) (326;47.2)
