1 // s
3 // m
100 // n

// p, q, a
1 2 0 // M1
7 3 0 // M2
8 2 0 // M3

// M1 M2 M3 M4
6 8 5 // J1
1 4 1 // J2
0 5 6 // J3
8 4 8 // J4
6 8 1 // J5
5 2 3 // J6
2 3 6 // J7
4 0 1 // J8
2 0 8 // J9
0 0 4 // J10
0 1 6 // J11
5 4 6 // J12
7 3 2 // J13
2 9 5 // J14
3 4 6 // J15
4 4 2 // J16
3 4 8 // J17
3 9 5 // J18
4 1 7 // J19
3 8 3 // J20
3 9 5 // J21
1 8 3 // J22
1 1 3 // J23
5 7 8 // J24
0 9 3 // J25
0 1 6 // J26
5 8 6 // J27
5 6 5 // J28
6 6 1 // J29
1 1 3 // J30
8 3 4 // J31
9 9 9 // J32
0 1 6 // J33
2 3 3 // J34
8 8 6 // J35
9 2 9 // J36
1 3 0 // J37
1 7 0 // J38
7 7 3 // J39
9 5 1 // J40
1 9 9 // J41
9 7 3 // J42
4 1 9 // J43
4 0 9 // J44
9 3 4 // J45
3 7 8 // J46
8 6 4 // J47
2 0 8 // J48
3 6 5 // J49
4 2 2 // J50
6 0 6 // J51
4 0 3 // J52
4 9 1 // J53
3 5 0 // J54
0 6 2 // J55
0 1 4 // J56
5 4 0 // J57
4 1 9 // J58
7 9 8 // J59
0 6 0 // J60
8 9 9 // J61
7 7 9 // J62
3 5 2 // J63
1 8 7 // J64
7 5 0 // J65
3 1 3 // J66
5 2 4 // J67
1 8 7 // J68
1 1 9 // J69
6 7 0 // J70
4 3 2 // J71
0 4 6 // J72
0 2 9 // J73
3 7 6 // J74
1 4 5 // J75
2 7 5 // J76
8 3 7 // J77
5 4 4 // J78
5 6 1 // J79
1 5 6 // J80
9 6 7 // J81
2 6 5 // J82
5 6 0 // J83
4 2 9 // J84
4 2 5 // J85
7 9 4 // J86
2 9 3 // J87
4 7 3 // J88
2 9 8 // J89
8 4 8 // J90
4 9 7 // J91
2 3 0 // J92
9 9 7 // J93
9 6 1 // J94
4 4 1 // J95
8 0 2 // J96
8 8 7 // J97
6 8 6 // J98
2 5 9 // J99
3 9 7 // J100

(3;46.2) (4;46.1+54.1) (5;54.2) (6;50.2) (7;50.2) (8;90.2) (11;90.2) (12;90.2) (13;90.2) (14;4.2) (15;4.2) (16;4.2) (19;4.2) (20;53.2) (21;53.2) (22;13.2) (23;13.2) (24;13.2) (27;13.1+62.1) (28;62.2) (29;62.2) (30;62.2) (31;43.2) (32;43.2) (35;7.2) (36;100.2) (37;100.1+88.1) (38;88.2) (39;88.1+37.1) (40;94.2) (43;94.2) (44;94.2) (45;94.2) (46;94.1+2.1) (47;6.2) (48;6.2) (51;6.1+45.1) (52;45.2) (53;45.2) (54;45.2) (55;45.2) (56;17.2) (59;17.1+19.1) (60;19.2) (61;19.1+79.1) (62;79.2) (63;79.2) (64;47.2) (67;47.2) (68;47.2) (69;47.2) (70;70.2) (71;70.2) (72;70.2) (75;34.2) (76;63.2) (77;63.1+84.1) (78;84.2) (79;84.1+12.1) (80;12.2) (83;12.2) (84;44.2) (85;44.2) (86;59.2) (87;59.2) (88;59.2) (91;59.1+52.1) (92;52.2) (93;52.1+69.1) (94;36.2) (95;36.2) (96;36.2) (99;36.2) (100;36.1+18.1) (101;18.2) (102;9.2) (103;61.2) (104;61.2) (107;61.2) (108;61.2) (109;75.1+82.1) (110;82.1+16.1) (111;16.2) (112;16.1+5.1) (115;5.2) (116;5.2) (117;5.1+83.1) (118;83.2) (119;83.2) (120;40.2) (123;40.2) (124;40.2) (125;40.2) (126;40.1+92.1) (127;92.1+80.1) (128;81.2) (131;81.2) (132;81.2) (133;81.2) (134;81.1+1.1) (135;1.2) (136;1.2) (139;1.1+22.1) (140;87.2) (141;38.1+23.1) (142;86.2) (143;86.2) (144;86.2) (147;86.1+76.1) (148;76.1+29.1) (149;29.2) (150;29.2) (151;29.1+42.1) (152;42.2) (155;42.2) (156;42.2) (157;42.2) (158;41.1+96.1) (159;96.2) (160;96.2) (163;96.2) (164;96.1+99.1) (165;99.1+32.1) (166;32.2) (167;32.2) (168;32.2) (171;32.2) (172;57.2) (173;57.2) (174;57.1+68.1) (175;8.2) (176;8.2) (179;48.2) (180;66.2) (181;66.1+64.1) (182;97.2) (183;97.2) (184;97.2) (187;97.2) (188;93.2) (189;93.2) (190;93.2) (191;93.2) (192;93.1+20.1) (195;20.2) (196;91.2) (197;91.2) (198;15.2) (199;15.1+67.1) (200;67.2) (203;67.2) (204;85.2) (205;85.2) (206;98.2) (207;98.2) (208;98.2) (211;74.2) (212;74.1+49.1) (213;49.2) (214;35.2) (215;35.2) (216;35.2) (219;35.2) (220;78.2) (221;78.2) (222;78.1+30.1) (223;51.2) (224;51.2) (227;51.2) (228;24.2) (229;24.2) (230;24.1+31.1) (231;31.2) (232;31.2) (235;31.2) (236;31.1+89.1) (237;89.1+21.1) (238;21.2) (239;14.2) (240;58.2) (243;58.2) (244;39.2) (245;39.2) (246;39.2) (247;39.1+71.1) (248;71.2) (251;71.1+95.1) (252;95.2) (253;95.1+65.1) (254;65.2) (255;65.2) (256;65.2) (259;28.2) (260;28.2) (261;28.1+77.1) (262;77.2) (263;77.2) (264;77.2) (267;77.1+27.1) (268;27.2) (269;27.2)
(2;95.3) (10;95.1+64.2) (18;64.3) (26;64.3) (34;63.3) (42;63.2+28.1) (50;28.3) (58;28.2+99.1) (66;99.3) (74;99.1+7.2) (82;7.1+22.2) (90;22.3) (98;22.3) (106;35.3) (114;35.3) (122;35.2+90.1) (130;90.3) (138;73.2+15.1) (146;15.3) (154;56.1+76.2) (162;76.3) (170;76.2+19.1) (178;72.3) (186;72.1+26.1+14.1) (194;14.3) (202;14.3) (210;14.2+20.1) (218;20.3) (226;20.3) (234;20.1+42.2) (242;42.3) (250;42.2+94.1) (258;94.3) (266;94.2+77.1) (274;77.2+16.1) (282;16.3) (290;68.3) (298;68.3) (306;68.2+98.1) (314;98.3) (322;98.3) (330;98.1+43.1+83.1) (338;83.3) (346;83.2+69.1) (354;38.3) (362;38.3) (370;38.1+100.2) (378;100.3) (386;100.3) (394;100.1+79.2) (402;79.3) (410;79.1+86.2) (418;86.3) (426;86.3) (434;86.1+93.2) (442;93.3) (450;93.3) (458;93.1+23.1+54.1) (466;54.3) (474;54.1+47.2) (482;47.3) (490;47.1+37.2) (498;37.1+3.2) (506;3.3) (514;13.3) (522;57.3) (530;57.1+27.2) (538;27.3) (546;27.3) (554;60.3) (562;60.3) (570;85.2+12.1) (578;12.3) (586;61.3) (594;61.3) (602;61.3) (610;5.3) (618;5.3) (626;5.2+6.1) (634;6.1+40.2) (642;40.3) (650;81.3) (658;81.3) (666;59.3) (674;59.3) (682;59.3) (690;53.3) (698;53.3) (706;53.3) (714;31.3) (722;82.3) (730;82.3) (738;49.3) (746;49.3) (754;21.3) (762;21.3) (770;21.3) (778;62.3) (786;62.3) (794;62.1+41.2) (802;41.3) (810;41.3) (818;41.1+2.2) (826;2.2+92.1) (834;92.2+34.1) (842;34.2+97.1) (850;97.3) (858;97.3) (866;97.1+36.2) (874;75.3) (882;75.1+87.2) (890;87.3) (898;87.3) (906;87.1+70.2) (914;70.3) (922;70.2+4.1) (930;4.3) (938;33.1+30.1+84.1) (946;84.1+18.2) (954;18.3) (962;18.3) (970;18.1+91.2) (978;91.3) (986;91.3) (994;91.1+24.2) (1002;24.3) (1010;24.2+80.1) (1018;80.3) (1026;80.1+74.2) (1034;74.3) (1042;74.2+58.1) (1050;46.3) (1058;46.3) (1066;46.1+65.2) (1074;65.3) (1082;39.3) (1090;39.3) (1098;39.1+66.1+45.1) (1106;45.2+78.1) (1114;78.3) (1122;32.3) (1130;32.3) (1138;32.3) (1146;29.3) (1154;29.3) (1162;67.2+88.1) (1170;88.3) (1178;88.3) (1186;55.3) (1194;55.3) (1202;17.3) (1210;17.1+11.1+25.1) (1218;25.3) (1226;25.3) (1234;25.2+89.1) (1242;89.3) (1250;89.3) (1258;89.2+50.1) (1266;50.1+1.2) (1274;1.3) (1282;1.3) (1290;71.3)
(1;55.2) (9;49.2) (17;49.2) (25;49.1+5.1) (33;56.2) (41;56.2) (49;77.2) (57;77.2) (65;77.2) (73;77.1+84.1) (81;84.2) (89;84.2) (97;84.2) (105;84.2) (113;47.2) (121;47.2) (129;15.2) (137;15.2) (145;15.2) (153;23.2) (161;23.1+78.1) (169;78.2) (177;78.1+48.1) (185;48.2) (193;48.2) (201;48.2) (209;48.1+66.1) (217;66.2) (225;59.2) (233;59.2) (241;59.2) (249;59.2) (257;50.2) (265;95.1+97.1) (273;97.2) (281;97.2) (289;97.2) (297;51.2) (305;51.2) (313;51.2) (321;71.2) (329;45.2) (337;45.2) (345;3.2) (353;3.2) (361;3.2) (369;36.2) (377;36.2) (385;36.2) (393;36.2) (401;36.1+68.1) (409;68.2) (417;68.2) (425;68.2) (433;4.2) (441;4.2) (449;4.2) (457;4.2) (465;31.2) (473;31.2) (481;64.2) (489;64.2) (497;64.2) (505;64.1+11.1) (513;11.2) (521;11.2) (529;11.1+22.1) (537;22.2) (545;9.2) (553;9.2) (561;9.2) (569;9.2) (577;100.2) (585;100.2) (593;100.2) (601;100.1+30.1) (609;30.2) (617;73.2) (625;73.2) (633;73.2) (641;73.2) (649;73.1+62.1) (657;62.2) (665;62.2) (673;62.2) (681;62.2) (689;40.1+1.1) (697;1.2) (705;1.2) (713;24.2) (721;24.2) (729;24.2) (737;24.2) (745;12.2) (753;12.2) (761;12.2) (769;74.2) (777;74.2) (785;74.2) (793;33.2) (801;33.2) (809;33.2) (817;90.2) (825;90.2) (833;90.2) (841;90.2) (849;26.2) (857;26.2) (865;26.2) (873;75.2) (881;75.2) (889;75.1+96.1) (897;96.1+14.1) (905;14.2) (913;14.2) (921;52.2) (929;52.1+32.1) (937;32.2) (945;32.2) (953;32.2) (961;32.2) (969;8.1+91.1) (977;91.2) (985;91.2) (993;91.2) (1001;20.2) (1009;20.1+63.1) (1017;63.1+81.1) (1025;81.2) (1033;81.2) (1041;81.2) (1049;87.2) (1057;87.1+58.1) (1065;58.2) (1073;58.2) (1081;58.2) (1089;58.2) (1097;41.2) (1105;41.2) (1113;41.2) (1121;41.2) (1129;41.1+76.1) (1137;76.2) (1145;76.2) (1153;88.2) (1161;88.1+16.1) (1169;16.1+42.1) (1177;42.2) (1185;72.2) (1193;72.2) (1201;72.2) (1209;29.1+98.1) (1217;98.2) (1225;98.2) (1233;98.1+21.1) (1241;21.2) (1249;21.2) (1257;53.1+80.1) (1265;80.2) (1273;80.2) (1281;80.1+86.1) (1289;86.2) (1297;86.1+79.1) (1305;99.2) (1313;99.2) (1321;99.2) (1329;99.2) (1337;99.1+34.1) (1345;34.2) (1353;18.2) (1361;18.2) (1369;18.1+17.1) (1377;17.2) (1385;17.2) (1393;17.2) (1401;17.1+13.1) (1409;13.1+6.1) (1417;6.2) (1425;28.2) (1433;28.2) (1441;28.1+35.1) (1449;35.2) (1457;35.2) (1465;35.1+82.1) (1473;82.2) (1481;82.2) (1489;61.2) (1497;61.2) (1505;61.2) (1513;61.2) (1521;61.1+94.1) (1529;39.2) (1537;39.1+44.1) (1545;44.2) (1553;44.2) (1561;44.2) (1569;44.2) (1577;89.2) (1585;89.2) (1593;89.2) (1601;89.2) (1609;10.2) (1617;10.2) (1625;7.2) (1633;7.2) (1641;7.2) (1649;2.1+27.1) (1657;27.2) (1665;27.2) (1673;27.1+43.1) (1681;43.2) (1689;43.2) (1697;43.2) (1705;43.2) (1713;85.2) (1721;85.2) (1729;85.1+69.1) (1737;69.2) (1745;69.2) (1753;69.2) (1761;69.2) (1769;19.2) (1777;19.2) (1785;19.2) (1793;19.1+25.1) (1801;25.2) (1809;93.2) (1817;93.2) (1825;93.2) (1833;93.1+46.1) (1841;46.2) (1849;46.2) (1857;46.2) (1865;46.1+67.1) (1873;67.2) (1881;67.1)
