1 // s
4 // m
20 // n

// p, q, a
7 6 0 // M1
3 2 0 // M2
7 8 0 // M3
4 6 0 // M4

// M1 M2 M3 M4 M5
7 7 9 3 // J1
4 1 8 3 // J2
3 6 3 8 // J3
6 1 5 0 // J4
3 6 8 7 // J5
9 7 2 9 // J6
1 9 3 7 // J7
6 0 2 7 // J8
1 9 7 1 // J9
0 6 7 9 // J10
9 0 4 6 // J11
4 9 3 4 // J12
9 3 7 0 // J13
8 5 6 9 // J14
4 9 2 5 // J15
8 0 7 2 // J16
3 6 6 7 // J17
4 3 9 7 // J18
8 9 7 8 // J19
2 6 5 1 // J20

(2;1.6) (9;1.1+14.5) (17;14.3+3.3) (24;9.1+4.5) (32;4.1+11.5) (39;11.4+15.2) (47;15.2+13.4) (54;13.5+17.1) (62;17.2+20.2+7.1+18.1) (69;18.3+2.3) (77;2.1+5.3+6.2) (84;6.6) (92;6.1+12.4+16.1) (99;16.6) (107;16.1+19.5) (114;19.3+8.3) (122;8.3)
(1;5.2) (4;5.2) (7;5.2) (10;6.2) (13;6.2) (16;6.2) (19;6.1+7.1) (22;7.2) (25;7.2) (28;7.2) (31;7.2) (34;15.2) (37;15.2) (40;15.2) (43;15.2) (46;15.1+2.1) (49;14.2) (52;14.2) (55;14.1+1.1) (58;1.2) (61;1.2) (64;1.2) (67;13.2) (70;13.1+9.1) (73;9.2) (76;9.2) (79;9.2) (82;9.2) (85;18.2) (88;18.1+19.1) (91;19.2) (94;19.2) (97;19.2) (100;19.2) (103;10.2) (106;10.2) (109;10.2) (112;12.2) (115;12.2) (118;12.2) (121;12.2) (124;12.1+4.1) (127;17.2) (130;17.2) (133;17.2) (136;20.2) (139;20.2) (142;20.2) (145;3.2) (148;3.2) (151;3.2)
(3;4.5+9.3) (11;9.4+20.4) (18;20.1+16.7) (26;12.3+6.2+7.3) (33;5.8) (41;13.7+18.1) (48;18.8) (56;14.6+1.2) (63;1.7+2.1) (72;2.7+10.1) (80;10.6+15.2) (87;17.6+3.2) (96;3.1+8.2+11.4+19.1) (104;19.6)
(5;6.6) (12;6.3+8.3) (20;8.4+5.2) (27;5.5+18.1) (35;18.6) (42;12.4+2.2) (50;2.1+19.5) (57;19.3+20.1+16.2) (65;14.6) (71;14.3+10.3) (75;10.6) (81;7.6) (86;7.1+11.5) (90;11.1+3.5) (95;3.3+9.1+15.2) (101;15.3+1.3) (105;17.6) (110;17.1)
