1 // s
3 // m
100 // n

// p, q, a
1 8 0 // M1
8 3 0 // M2
3 2 0 // M3

// M1 M2 M3 M4
1 7 2 // J1
5 1 0 // J2
1 7 9 // J3
6 9 9 // J4
7 7 2 // J5
4 3 7 // J6
8 3 0 // J7
0 2 1 // J8
4 4 0 // J9
8 4 4 // J10
3 1 0 // J11
2 5 5 // J12
9 9 7 // J13
6 2 0 // J14
8 8 9 // J15
7 5 2 // J16
0 5 4 // J17
1 3 9 // J18
9 1 4 // J19
1 1 7 // J20
0 2 2 // J21
4 2 7 // J22
9 4 1 // J23
6 5 3 // J24
9 2 0 // J25
9 1 4 // J26
1 7 8 // J27
7 8 9 // J28
0 2 8 // J29
0 2 3 // J30
0 8 8 // J31
0 6 9 // J32
7 3 5 // J33
1 7 0 // J34
0 3 0 // J35
1 2 1 // J36
8 0 0 // J37
0 9 4 // J38
8 2 4 // J39
3 4 0 // J40
9 9 1 // J41
8 5 6 // J42
4 8 5 // J43
1 1 7 // J44
8 0 9 // J45
8 7 5 // J46
8 9 0 // J47
7 1 2 // J48
3 0 9 // J49
4 1 4 // J50
5 3 9 // J51
5 2 8 // J52
8 2 7 // J53
3 6 3 // J54
5 7 8 // J55
2 2 9 // J56
4 0 5 // J57
8 5 5 // J58
0 1 7 // J59
9 4 5 // J60
7 0 7 // J61
1 5 8 // J62
7 3 7 // J63
1 9 4 // J64
7 4 3 // J65
7 2 4 // J66
4 0 8 // J67
9 0 1 // J68
9 7 8 // J69
4 5 0 // J70
1 9 8 // J71
1 6 5 // J72
5 3 2 // J73
9 4 8 // J74
1 2 0 // J75
0 0 1 // J76
1 3 9 // J77
2 5 3 // J78
7 7 0 // J79
5 2 8 // J80
0 3 8 // J81
6 0 0 // J82
6 6 7 // J83
7 1 8 // J84
2 4 5 // J85
9 8 7 // J86
0 8 6 // J87
7 2 2 // J88
0 8 4 // J89
4 4 9 // J90
5 0 1 // J91
4 9 1 // J92
0 4 2 // J93
0 4 4 // J94
3 4 1 // J95
1 0 0 // J96
8 8 9 // J97
3 4 3 // J98
1 2 1 // J99
6 6 1 // J100

(3;1.1+2.5+3.1+4.1) (4;4.5+5.3) (6;5.4+6.4) (7;7.8) (10;9.4+10.4) (12;10.4+11.3+12.1) (13;12.1+13.7) (15;13.2+14.6) (16;15.8) (19;16.7+18.1) (20;19.8) (22;19.1+20.1+22.4+23.2) (23;23.7+24.1) (26;24.5+25.3) (28;25.6+26.2) (29;26.7+27.1) (31;28.7+33.1) (32;33.6+34.1+36.1) (35;37.8) (36;39.8) (38;40.3+41.5) (39;41.4+42.4) (42;42.4+43.4) (44;44.1+45.7) (45;45.1+46.7) (47;46.1+47.7) (48;47.1+48.7) (51;49.3+50.4+51.1) (52;51.4+52.4) (54;52.1+53.7) (55;53.1+54.3+55.4) (58;55.1+56.2+57.4+58.1) (60;58.7+60.1) (61;60.8) (63;61.7+62.1) (64;63.7+64.1) (67;65.7+66.1) (68;66.6+67.2) (70;67.2+68.6) (71;68.3+69.5) (74;69.4+70.4) (76;71.1+72.1+73.5+74.1) (77;74.8) (79;75.1+77.1+78.2+79.4) (80;79.3+80.5) (83;82.6+83.2) (84;83.4+84.4) (86;84.3+85.2+86.3) (87;86.6+88.2) (90;88.5+90.3) (92;90.1+91.5+92.2) (93;92.2+95.3+96.1+97.2) (95;97.6+98.2) (96;98.1+99.1+100.6)
(1;1.3) (9;1.3) (17;1.1+2.1+3.1) (25;3.3) (33;3.3) (41;4.3) (49;4.3) (57;4.3) (65;5.3) (73;5.3) (81;5.1+6.2) (89;6.1+7.2) (97;7.1+8.2) (105;9.3) (113;9.1+10.2) (121;10.2+11.1) (129;12.3) (137;12.2+13.1) (145;13.3) (153;13.3) (161;13.2+14.1) (169;14.1+15.2) (177;15.3) (185;15.3) (193;16.3) (201;16.2+17.1) (209;17.3) (217;17.1+18.2) (225;18.1+19.1+20.1) (233;21.2+22.1) (241;22.1+23.2) (249;23.2+24.1) (257;24.3) (265;24.1+25.2) (273;26.1+27.2) (281;27.3) (289;27.2+28.1) (297;28.3) (305;28.3) (313;28.1+29.2) (321;30.2+31.1) (329;31.3) (337;31.3) (345;31.1+32.2) (353;32.3) (361;32.1+33.2) (369;33.1+34.2) (377;34.3) (385;34.2+35.1) (393;35.2+36.1) (401;36.1+38.2) (409;38.3) (417;38.3) (425;38.1+39.2) (433;40.3) (441;40.1+41.2) (449;41.3) (457;41.3) (465;41.1+42.2) (473;42.3) (481;43.3) (489;43.3) (497;43.2+44.1) (505;46.3) (513;46.3) (521;46.1+47.2) (529;47.3) (537;47.3) (545;47.1+48.1+50.1) (553;51.3) (561;52.2+53.1) (569;53.1+54.2) (577;54.3) (585;54.1+55.2) (593;55.3) (601;55.2+56.1) (609;56.1+58.2) (617;58.3) (625;59.1+60.2) (633;60.2+62.1) (641;62.3) (649;62.1+63.2) (657;63.1+64.2) (665;64.3) (673;64.3) (681;64.1+65.2) (689;65.2+66.1) (697;66.1+69.2) (705;69.3) (713;69.2+70.1) (721;70.3) (729;70.1+71.2) (737;71.3) (745;71.3) (753;71.1+72.2) (761;72.3) (769;72.1+73.2) (777;73.1+74.2) (785;74.2+75.1) (793;75.1+77.2) (801;77.1+78.2) (809;78.3) (817;79.3) (825;79.3) (833;79.1+80.2) (841;81.3) (849;83.3) (857;83.3) (865;84.1+85.2) (873;85.2+86.1) (881;86.3) (889;86.3) (897;86.1+87.2) (905;87.3) (913;87.3) (921;88.2+89.1) (929;89.3) (937;89.3) (945;89.1+90.2) (953;90.2+92.1) (961;92.3) (969;92.3) (977;92.2+93.1) (985;93.3) (993;94.3) (1001;94.1+95.2) (1009;95.2+97.1) (1017;97.3) (1025;97.3) (1033;97.1+98.2) (1041;98.2+99.1) (1049;99.1+100.2) (1057;100.3) (1065;100.1)
(2;1.2) (5;3.2) (8;3.2) (11;3.2) (14;3.2) (18;3.1+4.1) (21;4.2) (24;4.2) (27;4.2) (30;4.2) (34;5.2) (37;6.2) (40;6.2) (43;6.2) (46;6.1+8.1) (50;10.2) (53;10.2) (56;12.2) (59;12.2) (62;12.1+13.1) (66;13.2) (69;13.2) (72;13.2) (75;15.2) (78;15.2) (82;15.2) (85;15.2) (88;15.1+16.1) (91;16.1+17.1) (94;17.2) (98;17.1+18.1) (101;18.2) (104;18.2) (107;18.2) (110;18.2) (114;19.2) (117;19.2) (120;20.2) (123;20.2) (126;20.2) (130;20.1+21.1) (133;21.1+22.1) (136;22.2) (139;22.2) (142;22.2) (146;23.1+24.1) (149;24.2) (152;26.2) (155;26.2) (158;27.2) (162;27.2) (165;27.2) (168;27.2) (171;28.2) (174;28.2) (178;28.2) (181;28.2) (184;28.1+29.1) (187;29.2) (190;29.2) (194;29.2) (197;29.1+30.1) (200;30.2) (203;31.2) (206;31.2) (210;31.2) (213;31.2) (216;32.2) (219;32.2) (222;32.2) (226;32.2) (229;32.1+33.1) (232;33.2) (235;33.2) (238;36.1+38.1) (242;38.2) (245;38.1+39.1) (248;39.2) (251;39.1+41.1) (254;42.2) (258;42.2) (261;42.2) (264;43.2) (267;43.2) (270;43.1+44.1) (274;44.2) (277;44.2) (280;44.2) (283;45.2) (286;45.2) (290;45.2) (293;45.2) (296;45.1+46.1) (299;46.2) (302;46.2) (306;48.2) (309;49.2) (312;49.2) (315;49.2) (318;49.2) (322;49.1+50.1) (325;50.2) (328;50.1+51.1) (331;51.2) (334;51.2) (338;51.2) (341;51.2) (344;52.2) (347;52.2) (350;52.2) (354;52.2) (357;53.2) (360;53.2) (363;53.2) (366;53.1+54.1) (370;54.2) (373;55.2) (376;55.2) (379;55.2) (382;55.2) (386;56.2) (389;56.2) (392;56.2) (395;56.2) (398;56.1+57.1) (402;57.2) (405;57.2) (408;58.2) (411;58.2) (414;58.1+59.1) (418;59.2) (421;59.2) (424;59.2) (427;60.2) (430;60.2) (434;60.1+61.1) (437;61.2) (440;61.2) (443;61.2) (446;62.2) (450;62.2) (453;62.2) (456;62.2) (459;63.2) (462;63.2) (466;63.2) (469;63.1+64.1) (472;64.2) (475;64.1+65.1) (478;65.2) (482;66.2) (485;66.2) (488;67.2) (491;67.2) (494;67.2) (498;67.2) (501;68.1+69.1) (504;69.2) (507;69.2) (510;69.2) (514;69.1+71.1) (517;71.2) (520;71.2) (523;71.2) (526;71.1+72.1) (530;72.2) (533;72.2) (536;73.2) (539;74.2) (542;74.2) (546;74.2) (549;74.2) (552;76.1+77.1) (555;77.2) (558;77.2) (562;77.2) (565;77.2) (568;78.2) (571;78.1+80.1) (574;80.2) (578;80.2) (581;80.2) (584;80.1+81.1) (587;81.2) (590;81.2) (594;81.2) (597;81.1+83.1) (600;83.2) (603;83.2) (606;83.2) (610;84.2) (613;84.2) (616;84.2) (619;84.2) (622;85.2) (626;85.2) (629;85.1+86.1) (632;86.2) (635;86.2) (638;86.2) (642;87.2) (645;87.2) (648;87.2) (651;88.2) (654;89.2) (658;89.2) (661;90.2) (664;90.2) (667;90.2) (670;90.2) (674;90.1+91.1) (677;92.1+93.1) (680;93.1+94.1) (683;94.2) (686;94.1+95.1) (690;97.2) (693;97.2) (696;97.2) (699;97.2) (702;97.1+98.1) (706;98.2) (709;99.1+100.1)
