1 // s
3 // m
30 // n

// p, q, a
5 2 0 // M1
4 6 0 // M2
8 5 0 // M3

// M1 M2 M3 M4
0 6 5 // J1
5 4 5 // J2
6 7 6 // J3
3 1 1 // J4
6 6 2 // J5
9 7 9 // J6
9 5 1 // J7
3 5 1 // J8
6 5 0 // J9
1 7 2 // J10
4 7 4 // J11
9 4 7 // J12
7 3 0 // J13
5 1 5 // J14
9 5 5 // J15
6 5 6 // J16
4 5 3 // J17
5 5 3 // J18
3 7 0 // J19
4 8 9 // J20
5 5 0 // J21
4 8 3 // J22
7 7 2 // J23
4 2 4 // J24
8 3 4 // J25
5 3 0 // J26
5 0 9 // J27
3 6 1 // J28
8 9 1 // J29
0 5 6 // J30

(1;20.2) (6;20.2) (11;22.2) (16;22.2) (21;4.2) (26;4.1+28.1) (31;28.2) (36;21.2) (41;21.2) (46;21.1+15.1) (51;15.2) (56;15.2) (61;15.2) (66;15.2) (71;23.2) (76;23.2) (81;23.2) (86;23.1+16.1) (91;16.2) (96;16.2) (101;16.1+9.1) (106;9.2) (111;9.2) (116;9.1+19.1) (121;19.2) (126;11.2) (131;11.2) (136;3.2) (141;3.2) (146;3.2) (151;6.2) (156;6.2) (161;6.2) (166;6.2) (171;6.1+13.1) (176;13.2) (181;13.2) (186;13.2) (191;7.2) (196;7.2) (201;7.2) (206;7.2) (211;7.1+27.1) (216;27.2) (221;27.2) (226;25.2) (231;25.2) (236;25.2) (241;25.2) (246;10.1+14.1) (251;14.2) (256;14.2) (261;12.2) (266;12.2) (271;12.2) (276;12.2) (281;12.1+18.1) (286;18.2) (291;18.2) (296;5.2) (301;5.2) (306;5.2) (311;29.2) (316;29.2) (321;29.2) (326;29.2) (331;24.2) (336;24.2) (341;2.2) (346;2.2) (351;2.1+17.1) (356;17.2) (361;17.1+26.1) (366;26.2) (371;26.2) (376;8.2) (381;8.1)
(3;19.6) (7;19.1+13.3+23.2) (12;23.5+21.1) (17;21.4+17.2) (22;17.3+8.3) (28;8.2+18.4) (32;18.1+3.5) (37;3.2+24.2+22.2) (42;22.6) (47;15.5+4.1) (53;29.6) (57;29.3+5.3) (62;5.3+11.3) (67;11.4+26.2) (72;26.1+6.5) (78;6.2+30.4) (82;30.1+7.5) (87;28.6) (92;10.6) (97;10.1+14.1+9.4) (103;9.1+16.5) (107;1.6) (112;2.4+12.2) (117;12.2+20.4) (122;20.4+25.2) (128;25.1)
(2;24.4+3.1) (10;3.5) (18;12.5) (27;12.2+10.2+1.1) (35;1.4+23.1) (43;23.1+7.1+2.3) (52;2.2+4.1+15.2) (60;15.3+25.2) (68;25.2+22.3) (77;11.4+14.1) (85;14.4+6.1) (93;6.5) (102;6.3+29.1+8.1) (110;16.5) (118;16.1+27.4) (127;27.5) (135;5.2+30.3) (143;30.3+18.2) (152;18.1+20.4) (160;20.5) (168;28.1+17.3)
