1 // s
4 // m
50 // n

// p, q, a
9 6 0 // M1
4 2 0 // M2
9 5 0 // M3
8 3 0 // M4

// M1 M2 M3 M4 M5
3 7 7 6 // J1
5 2 9 8 // J2
4 0 7 4 // J3
2 0 6 1 // J4
3 3 7 5 // J5
0 6 1 2 // J6
4 0 4 3 // J7
4 4 4 1 // J8
2 4 0 2 // J9
5 6 5 4 // J10
2 3 8 2 // J11
3 3 5 8 // J12
8 1 7 6 // J13
6 2 1 7 // J14
5 5 2 4 // J15
7 6 4 0 // J16
6 5 1 8 // J17
0 4 6 6 // J18
7 2 2 7 // J19
8 8 8 1 // J20
5 5 4 2 // J21
7 7 5 0 // J22
3 2 6 0 // J23
4 0 7 6 // J24
8 7 6 7 // J25
1 7 8 3 // J26
5 0 8 3 // J27
0 4 8 6 // J28
6 0 9 2 // J29
2 1 2 8 // J30
0 1 4 7 // J31
8 5 2 7 // J32
5 5 8 0 // J33
2 1 9 8 // J34
7 0 6 6 // J35
8 1 0 9 // J36
4 9 4 3 // J37
1 4 4 7 // J38
4 8 6 0 // J39
2 0 5 0 // J40
8 1 8 4 // J41
5 7 4 4 // J42
1 0 5 1 // J43
5 6 9 9 // J44
1 5 3 9 // J45
1 8 5 1 // J46
1 1 5 3 // J47
4 9 6 6 // J48
5 6 8 7 // J49
2 5 3 6 // J50

(4;1.3+2.3) (13;2.2+3.4) (22;4.2+5.3+7.1) (31;7.3+8.3) (40;8.1+9.2+10.3) (50;10.2+11.2+12.2) (59;12.1+13.5) (68;13.3+14.3) (77;14.3+15.3) (86;15.2+16.4) (95;16.3+17.3) (104;17.3+19.3) (114;19.4+20.2) (123;20.6) (132;21.5+22.1) (141;22.6) (150;23.3+24.3) (159;24.1+25.5) (168;25.3+26.1+27.2) (178;27.3+29.3) (187;29.3+30.2+32.1) (196;32.6) (205;32.1+33.5) (214;34.2+35.4) (223;35.3+36.3) (232;36.5+37.1) (242;37.3+38.1+39.2) (251;39.2+40.2+41.2) (260;41.6) (269;42.5+43.1) (278;44.5+45.1) (287;46.1+47.1+48.4) (296;49.5+50.1) (306;50.1)
(3;1.2) (7;1.2) (12;1.2) (16;1.1+2.1) (21;2.1+5.1) (26;5.2) (30;6.2) (34;6.2) (39;6.2) (43;8.2) (48;8.2) (52;9.2) (58;9.2) (62;10.2) (67;10.2) (71;10.2) (76;11.2) (80;11.1+12.1) (85;12.2) (90;13.1+14.1) (94;14.1+15.1) (98;15.2) (103;15.2) (107;16.2) (112;16.2) (116;16.2) (122;17.2) (126;17.2) (131;17.1+18.1) (135;18.2) (140;18.1+19.1) (144;19.1+20.1) (149;20.2) (154;20.2) (158;20.2) (162;20.1+21.1) (167;21.2) (171;21.2) (176;22.2) (180;22.2) (186;22.2) (190;22.1+23.1) (195;23.1+25.1) (199;25.2) (204;25.2) (208;25.2) (213;26.2) (218;26.2) (222;26.2) (226;26.1+28.1) (231;28.2) (235;28.1+30.1) (240;31.1+32.1) (244;32.2) (250;32.2) (254;33.2) (259;33.2) (263;33.1+34.1) (268;36.1+37.1) (272;37.2) (277;37.2) (282;37.2) (286;37.2) (290;38.2) (295;38.2) (299;39.2) (304;39.2) (308;39.2) (314;39.2) (318;41.1+42.1) (323;42.2) (327;42.2) (332;42.2) (336;44.2) (341;44.2) (346;44.2) (350;45.2) (354;45.2) (359;45.1+46.1) (363;46.2) (368;46.2) (372;46.2) (378;46.1+47.1) (382;48.2) (387;48.2) (391;48.2) (396;48.2) (400;48.1+49.1) (405;49.2) (410;49.2) (414;49.1+50.1) (418;50.2) (423;50.2)
(2;1.5) (11;1.2+2.3) (20;2.5) (29;2.1+3.4) (38;3.3+4.2) (47;4.4+5.1) (56;5.5) (66;5.1+6.1+7.3) (75;7.1+8.4) (84;10.5) (93;11.5) (102;11.3+12.2) (111;12.3+13.2) (120;13.5) (130;14.1+15.2+16.2) (139;16.2+17.1+18.2) (148;18.4+19.1) (157;19.1+20.4) (166;20.4+21.1) (175;21.3+22.2) (184;22.3+23.2) (194;23.4+24.1) (203;24.5) (212;24.1+25.4) (221;25.2+26.3) (230;26.5) (239;27.5) (248;27.3+28.2) (258;28.5) (267;28.1+29.4) (276;29.5) (285;30.2+31.3) (294;31.1+32.2+33.2) (303;33.5) (312;33.1+34.4) (322;34.5) (331;35.5) (340;35.1+37.4) (349;38.4+39.1) (358;39.5) (367;40.5) (376;41.5) (386;41.3+42.2) (395;42.2+43.3) (404;43.2+44.3) (413;44.5) (422;44.1+45.3+46.1) (431;46.4+47.1) (440;47.4+48.1) (450;48.5) (459;49.5) (468;49.3+50.2) (477;50.1)
(1;1.3) (9;1.3) (17;2.3) (25;2.3) (33;2.2+3.1) (41;3.3) (49;4.1+5.2) (57;5.3) (65;6.2+7.1) (73;7.2+8.1) (81;9.2+10.1) (89;10.3) (97;11.2+12.1) (105;12.3) (113;12.3) (121;12.1+13.2) (129;13.3) (137;13.1+14.2) (145;14.3) (153;14.2+15.1) (161;15.3) (169;17.3) (177;17.3) (185;17.2+18.1) (193;18.3) (201;18.2+19.1) (209;19.3) (217;19.3) (225;20.1+21.2) (233;24.3) (241;24.3) (249;25.3) (257;25.3) (265;25.1+26.2) (273;26.1+27.2) (281;27.1+28.2) (289;28.3) (297;28.1+29.2) (305;30.3) (313;30.3) (321;30.2+31.1) (329;31.3) (337;31.3) (345;32.3) (353;32.3) (361;32.1+34.2) (369;34.3) (377;34.3) (385;35.3) (393;35.3) (401;36.3) (409;36.3) (417;36.3) (425;37.3) (433;38.3) (441;38.3) (449;38.1+41.2) (457;41.2+42.1) (465;42.3) (473;43.1+44.2) (481;44.3) (489;44.3) (497;44.1+45.2) (505;45.3) (513;45.3) (521;45.1+46.1+47.1) (529;47.2+48.1) (537;48.3) (545;48.2+49.1) (553;49.3) (561;49.3) (569;50.3) (577;50.3)
