1 // s
4 // m
50 // n

// p, q, a
6 3 0 // M1
2 3 0 // M2
1 6 0 // M3
1 4 0 // M4

// M1 M2 M3 M4 M5
7 3 0 6 // J1
1 0 4 2 // J2
8 0 9 8 // J3
4 2 9 2 // J4
2 4 4 6 // J5
9 8 8 8 // J6
1 6 2 2 // J7
5 6 4 2 // J8
3 9 8 7 // J9
4 4 7 7 // J10
5 3 2 9 // J11
2 9 6 3 // J12
2 8 8 6 // J13
1 3 3 9 // J14
5 2 5 4 // J15
7 1 6 2 // J16
6 6 4 4 // J17
4 2 8 8 // J18
7 6 1 5 // J19
5 9 5 2 // J20
0 8 0 6 // J21
7 8 1 9 // J22
5 9 2 1 // J23
9 2 0 3 // J24
6 0 2 6 // J25
4 1 9 9 // J26
0 0 8 5 // J27
2 8 4 5 // J28
7 2 4 8 // J29
1 0 5 7 // J30
5 5 8 4 // J31
0 6 9 4 // J32
6 7 8 4 // J33
6 9 7 8 // J34
9 0 5 6 // J35
9 6 6 7 // J36
4 6 4 6 // J37
7 1 1 6 // J38
5 5 0 9 // J39
2 4 8 4 // J40
1 4 8 5 // J41
9 9 8 7 // J42
5 5 9 1 // J43
5 8 8 9 // J44
8 0 0 4 // J45
1 2 6 4 // J46
6 2 9 1 // J47
8 8 5 4 // J48
1 0 5 5 // J49
7 1 8 4 // J50

(1;1.3) (7;1.3) (13;1.1+2.1+3.1) (19;3.3) (25;3.3) (31;3.1+4.2) (37;4.2+5.1) (43;5.1+6.2) (49;6.3) (55;6.3) (61;6.1+7.1+8.1) (67;8.3) (73;8.1+9.2) (79;9.1+10.2) (85;10.2+11.1) (91;11.3) (97;11.1+12.2) (103;13.2+14.1) (109;15.3) (115;15.2+16.1) (121;16.3) (127;16.3) (133;17.3) (139;17.3) (145;18.3) (151;18.1+19.2) (157;19.3) (163;19.2+20.1) (169;20.3) (175;20.1+22.2) (181;22.3) (187;22.2+23.1) (193;23.3) (199;23.1+24.2) (205;24.3) (211;24.3) (217;24.1+25.2) (223;25.3) (229;25.1+26.2) (235;26.2+28.1) (241;28.1+29.2) (247;29.3) (253;29.2+30.1) (259;31.3) (265;31.2+33.1) (271;33.3) (277;33.2+34.1) (283;34.3) (289;34.2+35.1) (295;35.3) (301;35.3) (307;35.2+36.1) (313;36.3) (319;36.3) (325;36.2+37.1) (331;37.3) (337;38.3) (343;38.3) (349;38.1+39.2) (355;39.3) (361;40.2+41.1) (367;42.3) (373;42.3) (379;42.3) (385;43.3) (391;43.2+44.1) (397;44.3) (403;44.1+45.2) (409;45.3) (415;45.3) (421;46.1+47.2) (427;47.3) (433;47.1+48.2) (439;48.3) (445;48.3) (451;49.1+50.2) (457;50.3) (463;50.2)
(2;1.3) (4;4.2+5.1) (6;5.3) (8;6.3) (10;6.3) (12;6.2+7.1) (14;7.3) (16;7.2+8.1) (18;8.3) (20;8.2+9.1) (22;9.3) (24;9.3) (26;9.2+10.1) (28;10.3) (30;11.3) (32;12.3) (34;12.3) (36;12.3) (38;13.3) (40;13.3) (42;13.2+14.1) (44;14.2+15.1) (46;15.1+16.1+17.1) (48;17.3) (50;17.2+18.1) (52;18.1+19.2) (54;19.3) (56;19.1+20.2) (58;20.3) (60;20.3) (62;20.1+21.2) (64;21.3) (66;21.3) (68;22.3) (70;22.3) (72;22.2+23.1) (74;23.3) (76;23.3) (78;23.2+24.1) (80;24.1+26.1+28.1) (82;28.3) (84;28.3) (86;28.1+29.2) (88;31.3) (90;31.2+32.1) (92;32.3) (94;32.2+33.1) (96;33.3) (98;33.3) (100;34.3) (102;34.3) (104;34.3) (106;36.3) (108;36.3) (110;37.3) (116;37.3) (122;38.1+39.2) (128;39.3) (134;40.3) (140;40.1+41.2) (146;41.2+42.1) (152;42.3) (158;42.3) (164;42.2+43.1) (170;43.3) (176;43.1+44.2) (182;44.3) (188;44.3) (194;46.2+47.1) (200;47.1+48.2) (206;48.3) (212;48.3) (218;50.1)
(71;2.4+3.2) (77;3.6) (83;3.1+4.5) (89;4.4+5.2) (95;5.2+6.4) (101;6.4+7.2) (107;8.4+9.2) (112;9.6) (114;10.6) (118;10.1+11.2+12.3) (120;12.3+13.3) (124;13.5+14.1) (126;14.2+15.4) (130;15.1+16.5) (132;16.1+17.4+18.1) (136;18.6) (138;18.1+19.1+20.4) (142;20.1+22.1+23.2+25.2) (144;26.6) (148;26.3+27.3) (150;27.5+28.1) (154;28.3+29.3) (156;29.1+30.5) (160;31.6) (162;31.2+32.4) (166;32.5+33.1) (168;33.6) (172;33.1+34.5) (174;34.2+35.4) (178;35.1+36.5) (180;36.1+37.4+38.1) (184;40.6) (186;40.2+41.4) (190;41.4+42.2) (192;42.6) (196;43.6) (198;43.3+44.3) (202;44.5+46.1) (204;46.5+47.1) (208;47.6) (210;47.2+48.4) (214;48.1+49.5) (216;50.6) (220;50.2)
(3;1.4) (5;1.2+2.2) (9;3.4) (11;3.4) (15;4.2+5.2) (17;5.4) (21;6.4) (23;6.4) (27;7.2+8.2) (29;9.4) (33;9.3+10.1) (35;10.4) (39;10.2+11.2) (41;11.4) (45;11.3+12.1) (47;12.2+13.2) (51;13.4) (53;14.4) (57;14.4) (59;14.1+15.3) (63;15.1+16.2+17.1) (65;17.3+18.1) (69;18.4) (75;18.3+19.1) (81;19.4) (87;20.2+21.2) (93;21.4) (99;22.4) (105;22.4) (111;22.1+23.1+24.2) (113;24.1+25.3) (117;25.3+26.1) (119;26.4) (123;26.4) (125;27.4) (129;27.1+28.3) (131;28.2+29.2) (135;29.4) (137;29.2+30.2) (141;30.4) (143;30.1+31.3) (147;31.1+32.3) (149;32.1+33.3) (153;33.1+34.3) (155;34.4) (159;34.1+35.3) (161;35.3+36.1) (165;36.4) (167;36.2+37.2) (171;37.4) (173;38.4) (177;38.2+39.2) (179;39.4) (183;39.3+40.1) (185;40.3+41.1) (189;41.4) (191;42.4) (195;42.3+43.1) (197;44.4) (201;44.4) (203;44.1+45.3) (207;45.1+46.3) (209;46.1+47.1+48.2) (213;48.2+49.2) (215;49.3+50.1) (219;50.3)
