1 // s
5 // m
200 // n

// p, q, a
4 3 0 // M1
8 3 0 // M2
3 6 0 // M3
1 4 0 // M4
7 6 0 // M5

// M1 M2 M3 M4 M5 M6
7 0 6 0 6 // J1
8 8 9 0 8 // J2
1 0 8 5 5 // J3
5 1 8 5 3 // J4
2 4 7 7 3 // J5
1 1 7 6 5 // J6
7 2 9 1 4 // J7
9 1 7 4 8 // J8
0 4 6 2 6 // J9
3 2 3 5 7 // J10
3 2 7 3 2 // J11
2 3 9 6 5 // J12
7 0 3 5 0 // J13
8 1 7 1 6 // J14
4 3 3 6 3 // J15
8 7 4 0 9 // J16
8 8 2 9 1 // J17
5 4 6 8 1 // J18
5 1 0 9 1 // J19
9 0 1 1 8 // J20
2 5 1 9 2 // J21
0 8 1 9 3 // J22
5 8 9 6 6 // J23
9 8 4 3 5 // J24
3 5 9 9 0 // J25
3 2 4 5 3 // J26
8 5 2 1 7 // J27
3 6 2 6 1 // J28
6 3 6 4 6 // J29
6 2 3 3 1 // J30
1 6 7 6 5 // J31
7 5 1 8 9 // J32
7 4 6 5 5 // J33
9 6 7 8 2 // J34
2 5 7 2 8 // J35
9 8 4 3 3 // J36
0 9 0 3 2 // J37
2 7 6 6 0 // J38
7 4 4 7 3 // J39
2 7 0 8 7 // J40
0 4 4 1 8 // J41
5 8 5 8 5 // J42
8 1 8 4 8 // J43
8 3 2 2 3 // J44
1 0 1 8 4 // J45
8 1 0 8 5 // J46
2 7 5 6 3 // J47
6 4 9 4 7 // J48
3 2 8 1 2 // J49
6 6 9 8 5 // J50
8 4 7 5 5 // J51
0 3 6 6 0 // J52
4 7 6 2 2 // J53
0 5 2 1 2 // J54
4 4 7 5 9 // J55
8 1 9 5 8 // J56
2 1 2 3 7 // J57
7 9 0 0 2 // J58
2 7 2 3 2 // J59
6 5 6 8 1 // J60
0 3 7 5 1 // J61
4 6 2 5 6 // J62
8 3 1 8 8 // J63
2 4 3 4 4 // J64
0 5 1 8 0 // J65
7 1 3 2 3 // J66
3 5 0 3 7 // J67
8 3 6 2 3 // J68
0 7 4 3 4 // J69
8 5 4 5 0 // J70
1 2 1 3 1 // J71
4 2 9 5 4 // J72
2 2 9 2 3 // J73
2 3 7 0 0 // J74
8 8 1 1 3 // J75
3 0 7 4 1 // J76
1 7 8 2 1 // J77
0 4 6 2 3 // J78
5 4 1 7 0 // J79
7 7 2 9 1 // J80
5 8 3 5 1 // J81
3 1 9 0 7 // J82
3 4 4 3 2 // J83
5 4 7 0 3 // J84
8 6 5 7 4 // J85
4 6 3 1 5 // J86
5 7 7 3 6 // J87
3 3 3 0 8 // J88
9 5 6 4 9 // J89
1 0 8 5 5 // J90
3 0 2 6 3 // J91
9 3 5 0 7 // J92
6 7 8 4 2 // J93
6 7 0 7 9 // J94
1 1 6 1 3 // J95
3 9 0 8 3 // J96
3 8 8 5 2 // J97
5 5 0 0 7 // J98
0 8 2 3 1 // J99
1 6 2 2 3 // J100
3 9 0 5 3 // J101
2 3 0 2 0 // J102
9 2 6 7 3 // J103
8 9 2 1 6 // J104
0 6 0 0 9 // J105
2 8 2 0 2 // J106
6 6 7 5 9 // J107
4 7 2 2 0 // J108
2 4 7 0 7 // J109
7 1 5 0 3 // J110
1 4 1 6 2 // J111
7 9 0 6 0 // J112
3 0 0 0 3 // J113
3 5 1 7 9 // J114
0 7 0 1 4 // J115
6 8 0 3 2 // J116
1 2 2 6 0 // J117
2 5 0 3 1 // J118
4 6 6 1 6 // J119
1 3 7 6 3 // J120
1 0 7 0 2 // J121
4 3 9 2 6 // J122
9 9 7 4 9 // J123
1 7 3 0 1 // J124
7 4 7 5 4 // J125
3 0 9 5 2 // J126
2 0 3 9 0 // J127
0 4 2 3 5 // J128
8 6 8 7 1 // J129
5 9 2 1 5 // J130
4 9 6 4 6 // J131
6 2 2 5 9 // J132
3 4 4 0 3 // J133
8 5 8 3 8 // J134
6 5 0 4 3 // J135
1 6 0 3 9 // J136
4 8 7 0 7 // J137
2 4 9 2 3 // J138
8 2 6 4 1 // J139
3 2 8 3 3 // J140
0 0 8 2 8 // J141
8 9 2 0 4 // J142
0 2 8 6 4 // J143
5 6 3 2 1 // J144
4 5 5 0 0 // J145
3 9 5 2 9 // J146
9 8 6 0 8 // J147
4 0 4 1 9 // J148
2 1 8 7 3 // J149
5 4 9 0 6 // J150
7 8 5 2 8 // J151
4 4 7 2 5 // J152
9 4 9 0 5 // J153
1 6 7 8 0 // J154
4 1 1 3 9 // J155
2 6 7 7 4 // J156
8 9 4 5 2 // J157
0 2 4 1 3 // J158
9 2 2 6 9 // J159
7 2 7 2 1 // J160
9 7 1 0 2 // J161
5 6 2 2 6 // J162
7 7 0 7 6 // J163
9 9 3 8 5 // J164
8 1 5 4 0 // J165
1 9 5 3 1 // J166
0 9 5 5 5 // J167
1 8 4 3 7 // J168
4 0 1 5 5 // J169
2 2 4 0 9 // J170
7 8 9 7 3 // J171
7 1 6 9 0 // J172
5 1 8 1 5 // J173
8 1 5 1 4 // J174
1 5 0 0 0 // J175
8 0 9 9 8 // J176
9 4 5 4 3 // J177
1 9 8 2 7 // J178
9 2 4 3 1 // J179
2 1 9 9 6 // J180
0 6 2 5 8 // J181
2 8 9 6 4 // J182
7 1 7 1 0 // J183
1 5 4 8 4 // J184
9 3 3 4 5 // J185
9 0 7 9 7 // J186
7 0 0 2 7 // J187
3 1 0 6 0 // J188
3 0 1 7 9 // J189
7 5 2 2 0 // J190
7 6 1 5 7 // J191
7 3 8 0 9 // J192
1 1 0 8 7 // J193
7 1 5 4 7 // J194
9 5 8 7 0 // J195
9 1 5 4 7 // J196
3 7 4 8 0 // J197
0 8 4 4 9 // J198
0 3 0 7 8 // J199
2 9 3 0 2 // J200

(2;197.3) (6;108.3) (10;108.1+153.2) (14;153.3) (18;153.3) (22;153.1+177.2) (26;177.3) (30;177.3) (34;177.1+166.1+123.1) (38;123.3) (42;123.3) (46;123.2+51.1) (50;51.3) (54;51.3) (58;51.1+73.2) (62;102.2+30.1) (66;30.3) (70;30.2+10.1) (74;10.2+82.1) (78;82.2+2.1) (82;2.3) (86;2.3) (90;2.1+176.2) (94;176.3) (98;176.3) (102;138.2+120.1) (106;170.2+190.1) (110;190.3) (114;190.3) (118;62.3) (122;62.1+4.2) (126;4.3) (130;152.3) (134;152.1+161.2) (138;161.3) (142;161.3) (146;161.1+34.2) (150;34.3) (154;34.3) (158;34.1+183.2) (162;183.3) (166;183.2+91.1) (170;91.2+19.1) (174;19.3) (178;19.1+135.2) (182;135.3) (186;135.1+118.2) (190;97.3) (194;151.3) (198;151.3) (202;151.1+182.2) (206;101.3) (210;43.3) (214;43.3) (218;43.2+40.1) (222;40.1+79.2) (226;79.3) (230;131.3) (234;131.1+59.2) (238;87.3) (242;87.2+106.1) (246;106.1+60.2) (250;60.3) (254;60.1+67.2) (258;67.1+154.1+174.1) (262;174.3) (266;174.3) (270;174.1+72.2) (274;72.2+12.1) (278;12.1+44.2) (282;44.3) (286;44.3) (290;24.3) (294;24.3) (298;24.3) (302;20.3) (306;20.3) (310;20.3) (314;136.1+191.2) (318;191.3) (322;191.2+36.1) (326;36.3) (330;36.3) (334;36.2+1.1) (338;1.3) (342;1.3) (346;164.3) (350;164.3) (354;164.3) (358;189.3) (362;95.1+175.1+92.1) (366;92.3) (370;92.3) (374;92.2+150.1) (378;150.3) (382;150.1+16.2) (386;16.3) (390;16.3) (394;21.2+186.1) (398;186.3) (402;186.3) (406;186.2+148.1) (410;148.3) (414;129.3) (418;129.3) (422;129.2+66.1) (426;66.3) (430;66.3) (434;162.3) (438;162.2+80.1) (442;80.3) (446;80.3) (450;146.3) (454;155.3) (458;155.1+139.2) (462;139.3) (466;139.3) (470;7.3) (474;7.3) (478;7.1+185.2) (482;185.3) (486;185.3) (490;185.1+132.2) (494;132.3) (498;132.1+63.2) (502;63.3) (506;63.3) (510;23.3) (514;23.2+179.1) (518;179.3) (522;179.3) (526;179.2+195.1) (530;195.3) (534;195.3) (538;195.2+117.1) (542;45.1+125.2) (546;125.3) (550;125.2+109.1) (554;109.1+149.2) (558;64.2+98.1) (562;98.3) (566;98.1+127.2) (570;25.3) (574;32.3) (578;32.3) (582;32.1+75.2) (586;75.3) (590;75.3) (594;111.1+147.2) (598;147.3) (602;147.3) (606;147.1+35.2) (610;121.1+29.2) (614;29.3) (618;29.1+48.2) (622;48.3) (626;48.1+144.2) (630;144.3) (634;133.3) (638;110.3) (642;110.3) (646;110.1+116.2) (650;116.3) (654;116.1+130.2) (658;130.3) (662;126.3) (666;27.3) (670;27.3) (674;27.2+71.1) (678;88.3) (682;113.3) (686;134.3) (690;134.3) (694;134.2+142.1) (698;142.3) (702;142.3) (706;142.1+159.2) (710;159.3) (714;159.3) (718;159.1+122.2) (722;122.2+76.1) (726;76.2+8.1) (730;8.3) (734;8.3) (738;8.2+70.1) (742;70.3) (746;70.3) (750;70.1+200.2) (754;171.3) (758;171.3) (762;171.1+114.2) (766;114.1+90.1+194.1) (770;194.3) (774;194.3) (778;137.3) (782;137.1+172.2) (786;172.3) (790;172.2+58.1) (794;58.3) (798;58.3) (802;103.3) (806;103.3) (810;103.3) (814;100.1+74.2) (818;168.1+187.2) (822;187.3) (826;187.2+49.1) (830;49.2+55.1) (834;55.3) (838;89.3) (842;89.3) (846;89.3) (850;17.3) (854;17.3) (858;17.2+5.1) (862;5.1+107.2) (866;107.3) (870;107.1+86.2) (874;86.2+157.1) (878;157.3) (882;157.3) (886;157.1+39.2) (890;39.3) (894;39.2+77.1) (898;57.2+42.1) (902;42.3) (906;42.1+18.2) (910;18.3) (914;93.3) (918;93.3) (922;38.2+180.1) (926;180.1+53.2) (930;53.2+156.1) (934;156.1+193.1+83.1) (938;83.2+184.1) (942;81.3) (946;81.2+173.1) (950;173.3) (954;173.1+28.2) (958;28.1+50.2) (962;50.3) (966;50.1+13.2) (970;13.3) (974;13.2+47.1) (978;47.1+169.2) (982;169.2+112.1) (986;112.3) (990;112.3) (994;6.1+31.1+145.1) (998;145.3) (1002;68.3) (1006;68.3) (1010;68.2+196.1) (1014;196.3) (1018;196.3) (1022;196.2+124.1) (1026;14.3) (1030;14.3) (1034;14.2+26.1) (1038;26.2+160.1) (1042;160.3) (1046;160.3) (1050;11.3) (1054;15.3) (1058;15.1+84.2) (1062;84.3) (1066;46.3) (1070;46.3) (1074;46.2+56.1) (1078;56.3) (1082;56.3) (1086;56.1+85.2) (1090;85.3) (1094;85.3) (1098;178.1+3.1+188.1) (1102;188.2+96.1) (1106;96.2+140.1) (1110;140.2+94.1) (1114;94.3) (1118;94.2+104.1) (1122;104.3) (1126;104.3) (1130;104.1+192.2) (1134;192.3) (1138;192.2+163.1) (1142;163.3) (1146;163.3) (1150;165.3) (1154;165.3) (1158;165.2+119.1) (1162;119.3) (1166;33.3) (1170;33.3) (1174;33.1)
(1;132.2+64.1) (9;64.3) (17;33.3) (25;33.1+57.1+18.1) (33;18.3) (41;38.3) (49;38.3) (57;38.1+153.2) (65;153.2+26.1) (73;26.1+162.2) (81;162.3) (89;162.1+46.1+194.1) (97;117.2+60.1) (105;60.3) (113;60.1+44.2) (121;44.1+192.2) (129;192.1+196.1+129.1) (137;129.3) (145;129.2+104.1) (153;104.3) (161;104.3) (169;104.2+70.1) (177;70.3) (185;70.1+109.2) (193;109.2+177.1) (201;177.3) (209;138.3) (217;138.1+164.2) (225;164.3) (233;164.3) (241;164.1+200.2) (249;200.3) (257;200.3) (265;200.1+59.2) (273;59.3) (281;59.2+62.1) (289;62.3) (297;62.2+27.1) (305;27.3) (313;27.1+151.2) (321;151.3) (329;151.3) (337;108.3) (345;108.3) (353;108.1+52.2) (361;52.1+85.2) (369;85.3) (377;85.1+105.2) (385;105.3) (393;105.1+135.2) (401;135.3) (409;75.3) (417;75.3) (425;75.2+93.1) (433;93.3) (441;93.3) (449;110.1+43.1+137.1) (457;137.3) (465;137.3) (473;137.1+15.2) (481;15.1+155.1+199.1) (489;199.2+39.1) (497;39.3) (505;19.1+34.2) (513;34.3) (521;34.1+181.2) (529;181.3) (537;181.1+97.2) (545;97.3) (553;97.3) (561;147.3) (569;147.3) (577;147.2+128.1) (585;128.3) (593;170.2+165.1) (601;10.2+68.1) (609;68.2+86.1) (617;86.3) (625;86.2+74.1) (633;74.2+122.1) (641;122.2+173.1) (649;103.2+143.1) (657;143.1+61.2) (665;61.1+4.1+98.1) (673;98.3) (681;98.1+73.2) (689;190.3) (697;190.2+175.1) (705;175.3) (713;175.1+37.2) (721;37.3) (729;37.3) (737;37.1+7.2) (745;41.3) (753;41.1+40.2) (761;40.3) (769;40.2+183.1) (777;31.3) (785;31.3) (793;156.3) (801;156.3) (809;100.3) (817;100.3) (825;14.1+106.2) (833;106.3) (841;106.3) (849;157.3) (857;157.3) (865;157.3) (873;116.3) (881;116.3) (889;116.2+140.1) (897;140.1+55.2) (905;55.2+69.1) (913;69.3) (921;69.3) (929;63.3) (937;146.3) (945;146.3) (953;146.3) (961;89.3) (969;89.2+179.1) (977;179.1+111.2) (985;111.2+114.1) (993;114.3) (1001;114.1+67.2) (1009;67.3) (1017;101.3) (1025;101.3) (1033;101.3) (1041;184.3) (1049;184.2+88.1) (1057;88.2+188.1) (1065;124.3) (1073;124.3) (1081;124.1+29.2) (1089;29.1+130.2) (1097;130.3) (1105;130.3) (1113;130.1+56.1+197.1) (1121;197.3) (1129;197.3) (1137;5.3) (1145;5.1+150.2) (1153;150.2+2.1) (1161;2.3) (1169;2.3) (1177;2.1+185.2) (1185;185.1+149.1+80.1) (1193;80.3) (1201;80.3) (1209;66.1+174.1+159.1) (1217;159.1+152.2) (1225;152.2+28.1) (1233;28.3) (1241;28.2+83.1) (1249;83.3) (1257;180.1+87.2) (1265;87.3) (1273;87.2+22.1) (1281;22.3) (1289;22.3) (1297;22.1+136.2) (1305;136.3) (1313;136.1+42.2) (1321;42.3) (1329;42.3) (1337;25.3) (1345;25.2+172.1) (1353;12.3) (1361;11.2+171.1) (1369;171.3) (1377;171.3) (1385;171.1+112.2) (1393;112.3) (1401;112.3) (1409;112.1+17.2) (1417;17.3) (1425;17.3) (1433;94.3) (1441;94.3) (1449;94.1+198.2) (1457;198.3) (1465;198.3) (1473;99.3) (1481;99.3) (1489;99.2+79.1) (1497;79.3) (1505;81.3) (1513;81.3) (1521;81.2+168.1) (1529;168.3) (1537;168.3) (1545;168.1+35.2) (1553;35.3) (1561;142.3) (1569;142.3) (1577;142.3) (1585;95.1+96.2) (1593;96.3) (1601;96.3) (1609;96.1+166.2) (1617;166.3) (1625;166.3) (1633;166.1+72.2) (1641;77.3) (1649;77.3) (1657;77.1+107.2) (1665;107.3) (1673;107.1+167.2) (1681;167.3) (1689;167.3) (1697;167.1+182.2) (1705;182.3) (1713;182.3) (1721;53.3) (1729;53.3) (1737;53.1+115.2) (1745;115.3) (1753;115.2+21.1) (1761;21.3) (1769;21.1+161.2) (1777;161.3) (1785;161.2+119.1) (1793;119.3) (1801;119.2+123.1) (1809;123.3) (1817;123.3) (1825;123.2+158.1) (1833;158.1+134.2) (1841;134.3) (1849;154.3) (1857;154.3) (1865;9.3) (1873;9.1+133.2) (1881;133.2+118.1) (1889;118.3) (1897;118.1+47.2) (1905;47.3) (1913;47.2+195.1) (1921;195.3) (1929;195.1+163.2) (1937;163.3) (1945;163.2+139.1) (1953;139.1+131.2) (1961;131.3) (1969;131.3) (1977;131.1+144.2) (1985;144.3) (1993;144.1+58.2) (2001;58.3) (2009;58.3) (2017;58.1+16.2) (2025;16.3) (2033;16.2+49.1) (2041;49.1+92.2) (2049;92.1+23.2) (2057;23.3) (2065;23.3) (2073;78.3) (2081;78.1+120.2) (2089;120.1+84.2) (2097;84.2+51.1) (2105;51.3) (2113;65.3) (2121;65.2+54.1) (2129;54.3) (2137;54.1+178.2) (2145;178.3) (2153;178.3) (2161;178.1+24.2) (2169;24.3) (2177;24.3) (2185;125.3) (2193;125.1+102.2) (2201;102.1+48.2) (2209;48.2+160.1) (2217;160.1+36.2) (2225;36.3) (2233;36.3) (2241;32.3) (2249;32.2+82.1) (2257;191.3) (2265;191.3) (2273;145.3) (2281;145.2+71.1) (2289;71.1+6.1+30.1) (2297;30.1+193.1+8.1) (2305;50.3) (2313;50.3)
(4;108.2+12.4) (7;12.5+56.1) (12;56.6) (15;56.2+190.2+137.2) (20;137.5+35.1) (23;35.6) (28;121.6) (31;121.1+10.3+53.2) (36;53.4+72.2) (39;72.6) (44;72.1+191.1+128.2+158.2) (47;158.2+14.4) (52;14.3+132.2+64.1) (55;64.2+95.4) (60;95.2+97.4) (63;97.4+147.2) (68;147.4+86.2) (71;86.1+141.5) (76;141.3+151.3) (79;151.2+44.2+62.2) (84;170.4+24.2) (87;24.2+140.4) (92;140.4+60.2) (95;60.4+18.2) (100;18.4+117.2) (103;165.5+52.1) (108;52.5+172.1) (111;172.5+119.1) (116;119.5+129.1) (119;129.6) (124;129.1+47.5) (127;3.6) (132;3.2+83.4) (135;22.1+198.4+196.1) (140;196.4+104.2) (143;144.3+162.2+4.1) (148;4.6) (151;4.1+1.5) (156;1.1+91.2+166.3) (159;166.2+164.3+5.1) (164;5.6) (167;174.5+152.1) (172;152.6) (175;71.1+88.3+100.2) (180;133.4+30.2) (183;30.1+54.2+192.3) (188;192.5+131.1) (191;131.5+149.1) (196;149.6) (199;149.1+148.4+179.1) (204;179.3+195.3) (207;195.5+197.1) (212;197.3+20.1+176.2) (215;176.6) (220;176.1+25.5) (223;25.4+36.2) (228;36.2+146.4) (231;146.1+142.2+186.3) (236;186.4+29.2) (239;29.4+138.2) (244;138.6) (247;138.1+49.5) (252;49.3+7.3) (255;7.6) (260;120.6) (263;120.1+161.1+177.4) (268;177.1+8.5) (271;8.2+85.4) (276;85.1+38.5) (279;38.1+126.5) (284;126.4+34.2) (287;34.5+200.1) (292;200.2+178.4) (295;178.4+68.2) (300;68.4+77.2) (303;77.6) (308;92.5+66.1) (311;66.2+76.4) (316;76.3+90.3) (319;90.5+107.1) (324;107.6) (327;2.6) (332;2.3+70.3) (335;70.1+33.5) (340;33.1+45.1+15.3+156.1) (343;156.6) (348;189.1+99.2+123.3) (351;123.4+125.2) (356;125.5+23.1) (359;23.6) (364;23.2+114.1+41.3) (367;41.1+106.2+143.3) (372;143.5+78.1) (375;78.5+150.1) (380;150.6) (383;150.2+124.3+6.1) (388;6.6) (391;59.2+80.2+63.1+139.1) (396;139.5+11.1) (399;11.6) (404;194.5+122.1) (407;122.6) (412;122.2+155.1+153.3) (415;153.6) (420;55.6) (423;55.1+173.5) (428;173.3+171.3) (431;171.6) (436;26.4+51.2) (439;51.5+50.1) (444;50.6) (447;50.2+79.1+93.3) (452;93.5+160.1) (455;160.6) (460;157.4+31.2) (463;31.5+103.1) (468;103.5+39.1) (471;39.3+75.1+185.2) (476;185.1+111.1+21.1+42.3) (479;42.2+17.2+182.2) (484;182.6) (487;182.1+183.5) (492;183.2+159.2+169.1+28.1) (495;28.1+81.3+65.1+127.1) (500;127.2+9.4) (503;9.2+168.4) (508;145.5+167.1) (512;167.4+89.2) (520;89.4+82.2) (528;82.6) (536;82.1+57.2+134.3) (544;134.5+61.1) (552;61.6) (560;184.4+32.1+87.1) (568;87.6) (576;43.6) (584;43.2+74.4) (592;74.3+69.3) (600;69.1+130.2+73.3) (608;73.6) (616;84.6) (624;84.1+109.5) (632;109.2+181.2+180.2) (640;180.6) (648;180.1+16.4+154.1) (656;154.6) (664;13.3+110.3) (672;110.2+48.4) (680;48.5+27.1) (688;27.1)
(5;159.4) (8;159.2+28.2) (13;28.4) (16;41.1+81.3) (21;81.2+171.2) (24;171.4) (29;171.1+179.3) (32;103.4) (37;103.3+104.1) (40;183.1+191.3) (45;191.2+102.2) (48;49.1+38.3) (53;38.3+123.1) (56;123.3+141.1) (61;141.1+85.3) (64;85.4) (69;190.2+90.2) (72;90.3+180.1) (77;180.4) (80;180.4) (85;164.4) (88;164.4) (93;72.4) (96;72.1+158.1+173.1+18.1) (101;18.4) (104;18.3+46.1) (109;46.4) (112;46.3+125.1) (117;125.4) (120;143.4) (125;143.2+34.2) (128;34.4) (133;34.2+119.1+17.1) (136;17.4) (141;17.4) (144;80.4) (149;80.4) (152;80.1+59.3) (157;57.3+156.1) (160;156.4) (165;156.2+135.2) (168;135.2+26.2) (173;26.3+152.1) (176;152.1+15.3) (181;15.3+14.1) (184;87.3+93.1) (189;93.3+39.1) (192;39.4) (197;39.2+30.2) (200;30.1+70.3) (205;70.2+134.2) (208;134.1+63.3) (213;63.4) (216;63.1+6.3) (221;6.3+45.1) (224;45.4) (229;45.3+188.1) (232;188.4) (237;188.1+20.1+120.2) (240;120.4) (245;196.4) (248;61.4) (253;61.1+187.2+168.1) (256;168.2+132.2) (261;132.3+99.1) (264;99.2+10.2) (269;10.3+146.1) (272;146.1+128.3) (277;178.2+117.2) (280;117.4) (285;22.4) (288;22.4) (293;22.1+27.1+11.2) (296;11.1+94.3) (301;94.4) (304;35.2+184.2) (309;184.4) (312;184.2+199.2) (317;199.4) (320;199.1+139.3) (325;139.1+68.2+155.1) (328;155.2+65.2) (333;65.4) (336;65.2+9.2) (341;182.4) (344;182.2+43.2) (349;43.2+47.2) (352;47.4) (357;136.3+76.1) (360;76.3+56.1) (365;56.4) (368;44.2+116.2) (373;116.1+37.3) (376;36.3+194.1) (381;194.3+3.1) (384;3.4) (389;71.3+165.1) (392;165.3+122.1) (397;122.1+25.3) (400;25.4) (405;25.2+48.2) (408;48.2+185.2) (413;185.2+163.2) (416;163.4) (421;163.1+114.3) (424;114.4) (429;127.4) (432;127.4) (437;127.1+42.3) (440;42.4) (445;42.1+4.3) (448;4.2+96.2) (453;96.4) (456;96.2+186.2) (461;186.4) (464;186.3+19.1) (469;19.4) (472;19.4) (477;91.4) (480;91.2+29.2) (485;29.2+144.2) (488;162.2+101.2) (493;101.3+89.1) (496;89.3+78.1) (501;78.1+100.2+172.1) (504;172.4) (509;172.4) (511;111.4) (516;111.2+77.2) (517;108.2+157.2) (519;157.3+31.1) (524;31.4) (525;31.1+174.1+198.2) (527;198.2+83.2) (532;83.1+154.3) (533;154.4) (535;154.1+181.3) (540;181.2+167.2) (541;167.3+95.1) (543;5.4) (548;5.3+166.1) (549;166.2+169.2) (551;169.3+33.1) (556;33.4) (557;176.4) (559;176.4) (564;176.1+140.3) (565;32.4) (567;32.4) (572;131.4) (573;66.2+118.2) (575;118.1+51.3) (580;51.2+177.2) (581;177.2+130.1+149.1) (583;149.4) (588;149.2+195.2) (589;195.4) (591;195.1+7.1+52.2) (596;52.4) (597;64.4) (599;60.4) (604;60.4) (605;160.2+53.2) (607;13.4) (612;13.1+75.1+197.2) (613;197.4) (615;197.2+138.2) (620;107.4) (621;107.1+21.3) (623;21.4) (628;21.2+79.2) (629;79.4) (631;79.1+148.1+69.2) (636;69.1+112.3) (637;112.3+24.1) (639;24.2+189.2) (644;189.4) (645;189.1+115.1+126.2) (647;126.3+62.1) (652;62.4) (653;8.4) (655;151.2+86.1+193.1) (660;193.4) (661;193.3+67.1) (663;67.2+12.2) (668;12.4) (669;23.4) (671;23.2+50.2) (676;50.4) (677;50.2+73.2) (679;97.4) (684;97.1+129.3) (685;129.4) (687;40.4) (692;40.4) (693;54.1+55.3) (695;55.2)
(3;111.2+199.4) (11;199.4+163.2) (19;163.4+125.2) (27;125.2+6.4) (35;6.1+22.3+68.2) (43;68.1+62.5) (51;62.1+2.5) (59;2.3+168.3) (67;168.4+157.2) (75;123.6) (83;123.3+87.3) (91;87.3+121.2+81.1) (99;105.6) (107;105.3+120.3) (115;50.5+73.1) (123;73.2+10.4) (131;10.3+196.3) (139;196.4+18.1+185.1) (147;185.4+122.2) (155;122.4+191.2) (163;191.5+169.1) (171;169.4+139.1+136.1) (179;136.6) (187;136.2+80.1+43.3) (195;43.5+178.1) (203;178.6) (211;60.1+85.4+90.1) (219;90.4+159.2) (227;159.6) (235;159.1+23.5) (243;23.1+101.3+30.1+135.1) (251;135.2+9.4) (259;9.2+181.4) (267;181.4+66.2) (275;66.1+12.5) (283;20.6) (291;20.2+1.4) (299;1.2+194.4) (307;194.3+59.2+37.1) (315;37.1+91.3+39.2) (323;39.1+193.5) (331;193.2+64.4) (339;146.6) (347;146.3+155.3) (355;155.6) (363;133.3+51.3) (371;51.2+11.2+134.2) (379;134.6) (387;99.1+116.2+82.3) (395;82.4+166.1+78.1) (403;78.2+17.1+115.3) (411;115.1+179.1+29.4) (419;29.2+71.1+16.3) (427;16.6) (435;124.1+83.2+118.1+149.2) (443;149.1+144.1+160.1+140.3) (451;131.6) (459;84.3+113.3) (467;61.1+7.4+4.1) (475;4.2+35.4) (483;35.4+98.2) (491;98.5+186.1) (499;186.6) (507;129.1+114.5) (515;114.4+109.2) (523;109.5+76.1) (531;174.4+54.2) (539;15.3+40.3) (547;40.4+161.2) (555;100.3+21.2+88.1) (563;88.6) (571;88.1+92.5) (579;92.2+184.4) (587;42.5+8.1) (595;8.6) (603;8.1+119.5) (611;119.1+63.5) (619;63.3+96.3) (627;128.5+94.1) (635;94.6) (643;94.2+36.3+45.1) (651;45.3+158.3) (659;107.6) (667;107.3+150.3) (675;150.3+132.3) (683;132.6) (691;142.4+24.2) (699;24.3+5.3) (707;126.2+138.3+173.1) (715;173.4+97.2) (723;26.3+171.3) (731;14.6) (739;86.5+44.1) (747;44.2+3.4) (755;3.1+56.5) (763;56.3+153.3) (771;153.2+148.4) (779;148.5+89.1) (787;89.6) (795;89.2+147.4) (803;147.4+33.2) (811;33.3+152.3) (819;152.2+198.4) (827;198.5+164.1) (835;164.4+95.2) (843;95.1+156.4+47.1) (851;47.2+41.4) (859;41.4+57.2) (867;57.5+143.1) (875;143.3+176.3) (883;176.5+72.1) (891;72.3+55.3) (899;55.6) (907;177.3+93.2+182.1) (915;182.3+192.3) (923;192.6) (931;104.6) (939;69.4+162.2) (947;162.4+77.1+27.1) (955;27.6) (963;28.1+130.5) (971;110.3+53.2+170.1) (979;170.6) (987;170.2+189.4) (995;189.5+180.1) (1003;180.5+32.1) (1011;32.6) (1019;32.2+103.3+67.1) (1027;67.6) (1035;19.1+187.5) (1043;187.2+75.3+141.1) (1051;141.6) (1059;141.1+151.5) (1067;151.3+49.2+34.1) (1075;34.1+58.2+167.3) (1083;167.2+31.4) (1091;31.1+137.5) (1099;137.2+48.4) (1107;48.3+106.2+200.1) (1115;200.1+46.5)
