1 // s
5 // m
50 // n

// p, q, a
9 3 0 // M1
6 4 0 // M2
7 3 0 // M3
2 3 0 // M4
2 5 0 // M5

// M1 M2 M3 M4 M5 M6
7 9 4 9 4 // J1
1 4 0 2 7 // J2
3 2 2 2 8 // J3
5 4 3 8 6 // J4
2 8 7 6 2 // J5
4 0 0 7 7 // J6
5 7 6 2 6 // J7
6 6 4 9 7 // J8
1 3 6 4 2 // J9
7 9 3 4 0 // J10
7 8 3 4 1 // J11
8 1 7 7 9 // J12
1 3 3 4 1 // J13
5 5 0 5 1 // J14
9 0 3 0 5 // J15
9 2 2 4 4 // J16
4 7 5 6 9 // J17
7 3 1 0 8 // J18
5 8 6 0 6 // J19
7 0 1 3 7 // J20
1 9 7 3 1 // J21
7 5 3 9 2 // J22
6 8 3 3 5 // J23
4 8 7 4 3 // J24
1 4 9 7 6 // J25
1 4 3 4 8 // J26
8 0 9 6 2 // J27
5 9 2 5 2 // J28
2 0 2 8 1 // J29
6 5 3 4 1 // J30
9 2 7 9 6 // J31
7 9 0 7 9 // J32
3 1 8 1 3 // J33
5 9 6 0 9 // J34
5 5 2 2 1 // J35
0 1 0 5 9 // J36
5 0 8 2 8 // J37
6 3 9 0 5 // J38
6 9 5 5 9 // J39
0 1 0 5 5 // J40
7 8 2 4 6 // J41
3 0 4 8 5 // J42
5 8 4 7 4 // J43
2 3 6 2 6 // J44
2 0 6 4 3 // J45
5 0 6 3 1 // J46
8 0 5 9 2 // J47
7 8 3 6 5 // J48
5 8 1 4 9 // J49
7 4 7 1 6 // J50

(1;25.1+9.1+31.1) (10;31.3) (19;31.3) (28;31.2+48.1) (37;48.3) (46;48.3) (55;34.3) (64;34.2+47.1) (73;47.3) (82;47.3) (91;47.1+50.2) (100;50.3) (109;50.2+30.1) (118;30.3) (127;30.2+49.1) (136;49.3) (145;49.1+44.2) (154;46.3) (163;46.2+11.1) (172;11.3) (181;11.3) (190;21.1+20.2) (199;20.3) (208;20.2+4.1) (217;4.3) (226;4.1+7.2) (235;7.3) (244;19.3) (253;19.2+38.1) (262;38.3) (271;38.2+10.1) (280;10.3) (289;10.3) (298;45.2+35.1) (307;35.3) (316;35.1+26.1+15.1) (325;15.3) (334;15.3) (343;15.2+28.1) (352;28.3) (361;28.1+3.2) (370;3.1+1.2) (379;1.3) (388;1.2+12.1) (397;12.3) (406;12.3) (415;12.1+24.2) (424;24.2+18.1) (433;18.3) (442;18.3) (451;29.2+6.1) (460;6.3) (469;41.3) (478;41.3) (487;41.1+16.2) (496;16.3) (505;16.3) (514;16.1+5.2) (523;23.3) (532;23.3) (541;43.3) (550;43.2+22.1) (559;22.3) (568;22.3) (577;39.3) (586;39.3) (595;17.3) (604;17.1+27.2) (613;27.3) (622;27.3) (631;14.3) (640;14.2+42.1) (649;42.2+33.1) (658;33.2+37.1) (667;37.3) (676;37.1+2.1+13.1) (685;32.3) (694;32.3) (703;32.1+8.2) (712;8.3) (721;8.1)
(3;44.3+17.1) (11;17.4) (17;17.2+31.2) (24;18.3+38.1) (31;38.2+40.1+5.1) (39;5.4) (47;5.3+4.1) (53;4.3+28.1) (60;28.4) (67;28.4) (75;22.4) (83;22.1+50.3) (89;50.1+19.3) (96;19.4) (103;19.1+16.2+14.1) (111;14.4) (119;11.4) (125;11.4) (132;36.1+26.3) (139;26.1+1.3) (147;1.4) (155;1.2+23.2) (161;23.4) (168;23.2+13.2) (175;13.1+35.3) (183;35.2+3.2) (191;24.4) (197;24.4) (204;10.4) (211;10.4) (219;10.1+48.3) (227;48.4) (233;48.1+39.3) (240;39.4) (247;39.2+30.2) (255;30.3+33.1) (263;32.4) (269;32.4) (276;32.1+12.1+21.2) (283;21.4) (291;21.3+34.1) (299;34.4) (305;34.4) (312;41.4) (319;41.4) (327;49.4) (335;49.4) (341;9.3+8.1) (348;8.4) (355;8.1+43.3) (363;43.4) (371;43.1+25.3) (377;25.1+7.3) (384;7.4) (391;2.4)
(2;41.2+35.1) (9;35.1+24.2) (16;24.3) (23;24.2+16.1) (30;16.1+26.2) (38;26.1+49.1+20.1) (45;4.3) (52;39.3) (59;39.2+22.1) (66;22.2+48.1) (74;48.2+17.1) (81;17.3) (88;17.1+1.2) (95;1.2+5.1) (102;5.3) (110;5.3) (117;44.3) (124;44.3) (131;8.3) (138;8.1+7.2) (146;7.3) (153;7.1+45.2) (160;45.3) (167;45.1+33.2) (174;33.3) (182;33.3) (189;25.3) (196;25.3) (203;25.3) (210;38.3) (218;38.3) (225;38.3) (232;46.3) (239;46.3) (246;21.3) (254;21.3) (261;21.1+47.2) (268;47.3) (275;15.3) (282;3.2+18.1) (290;9.3) (297;9.3) (304;27.3) (311;27.3) (318;27.3) (326;30.3) (333;37.3) (340;37.3) (347;37.2+12.1) (354;12.3) (362;12.3) (369;19.3) (376;19.3) (383;13.3) (390;29.2+11.1) (398;11.2+50.1) (405;50.3) (412;50.3) (419;31.3) (426;31.3) (434;31.1+42.2) (441;42.2+34.1) (448;34.3) (455;34.2+43.1) (462;43.3) (470;10.3) (477;23.3) (484;28.2)
(4;45.3) (6;45.1+17.2) (8;17.3) (12;17.1+8.2) (14;8.3) (18;8.3) (20;8.1+48.2) (22;48.3) (25;48.1+9.2) (27;9.2+31.1) (29;31.3) (32;31.3) (34;31.2+14.1) (36;14.3) (40;14.1+47.2) (42;47.3) (44;47.3) (48;47.1+5.2) (50;5.3) (54;5.1+20.2) (56;20.1+12.2) (58;12.3) (61;12.2+11.1) (63;11.3) (65;35.2+46.1) (68;46.2+23.1) (70;23.2+6.1) (72;6.3) (76;6.3) (78;16.3) (80;16.1+33.1+42.1) (84;42.3) (86;42.3) (90;42.1+21.2) (92;21.1+4.2) (94;4.3) (97;4.3) (99;24.3) (101;24.1+37.2) (104;29.3) (106;29.3) (108;29.2+40.1) (112;40.3) (114;40.1+41.2) (116;41.2+3.1) (120;3.1+27.2) (122;27.3) (126;27.1+30.2) (128;30.2+25.1) (130;25.3) (133;25.3) (135;32.3) (137;32.3) (140;32.1+43.2) (142;43.3) (144;43.2+2.1) (148;2.1+22.2) (150;22.3) (152;22.3) (156;22.1+28.2) (158;28.3) (162;50.1+7.2) (164;36.3) (166;36.2+10.1) (170;10.3) (173;26.3) (177;26.1+13.2) (179;13.2+49.1) (184;49.3) (186;1.3) (188;1.3) (193;1.3) (195;44.2+39.1) (200;39.3) (202;39.1)
(5;24.3+27.2) (7;22.2+31.3) (13;31.3+8.2) (15;8.5) (21;32.5) (26;32.4+20.1) (33;20.5) (35;20.1+3.4) (41;3.4+33.1) (43;33.2+26.3) (49;26.5) (51;15.5) (57;11.1+46.1+41.3) (62;41.3+43.2) (69;43.2+14.1+17.2) (71;17.5) (77;17.2+47.2+48.1) (79;48.4+19.1) (85;19.5) (87;40.5) (93;29.1+25.4) (98;25.2+18.3) (105;18.5) (107;21.1+6.4) (113;6.3+4.2) (115;4.4+30.1) (121;28.2+5.2+13.1) (123;49.5) (129;49.4+45.1) (134;45.2+44.3) (141;44.3+50.2) (143;50.4+2.1) (149;2.5) (151;2.1+36.4) (157;36.5) (159;42.5) (165;38.5) (169;9.2+39.3) (171;39.5) (176;39.1+7.4) (178;7.2+16.3) (180;16.1+1.4) (185;23.5) (187;12.5) (192;12.4+35.1) (194;34.5) (198;34.4+37.1) (201;37.5) (205;37.2)
