1 // s
5 // m
10 // n

// p, q, a
7 2 0 // M1
8 4 0 // M2
3 2 0 // M3
2 7 0 // M4
4 2 0 // M5

// M1 M2 M3 M4 M5 M6
7 5 9 8 1 // J1
6 1 4 3 0 // J2
4 3 6 2 7 // J3
2 3 9 6 4 // J4
0 5 5 0 5 // J5
4 2 5 5 6 // J6
0 0 3 4 9 // J7
2 4 6 7 6 // J8
6 1 7 4 5 // J9
4 4 6 5 9 // J10

(1;9.2) (8;9.2) (15;9.2) (22;10.2) (29;10.2) (36;2.2) (43;2.2) (50;2.2) (57;3.2) (64;3.2) (71;6.2) (78;6.2) (85;4.2) (92;8.2) (99;1.2) (106;1.2) (113;1.2) (120;1.1)
(4;3.3+10.1) (12;10.3+5.1) (20;5.4) (30;9.1+8.3) (38;8.1+6.2+2.1) (46;4.3+1.1) (54;1.4)
(3;2.2) (7;2.2) (11;4.2) (16;4.2) (19;4.2) (24;4.2) (28;4.1+3.1) (32;3.2) (37;3.2) (40;3.1+7.1) (45;7.2) (49;1.2) (53;1.2) (58;1.2) (61;1.2) (65;1.1+5.1) (68;5.2) (72;5.2) (75;9.2) (79;9.2) (82;9.2) (86;9.1+6.1) (89;6.2) (93;6.2) (96;8.2) (100;8.2) (103;8.2) (107;10.2) (110;10.2) (114;10.2)
(5;3.2+4.5) (9;4.1+7.4+9.2) (13;9.2+6.5) (17;8.7) (21;10.5+1.2) (25;1.6+2.1) (33;2.2)
(2;4.2) (6;4.2) (10;10.2) (14;10.2) (18;10.2) (23;10.2) (27;10.1+7.1) (31;7.2) (35;7.2) (39;7.2) (44;7.2) (48;9.2) (52;9.2) (56;9.1+5.1) (60;5.2) (66;5.2) (70;1.1+6.1) (74;6.2) (80;6.2) (84;6.1+8.1) (88;8.2) (94;8.2) (98;8.1+3.1) (102;3.2) (108;3.2) (112;3.2)
