1 // s
5 // m
50 // n

// p, q, a
8 5 0 // M1
9 7 0 // M2
2 3 0 // M3
2 2 0 // M4
3 7 0 // M5

// M1 M2 M3 M4 M5 M6
5 8 1 0 9 // J1
0 8 6 7 2 // J2
1 8 0 1 9 // J3
6 9 3 8 2 // J4
8 9 5 8 4 // J5
4 5 0 1 1 // J6
9 6 9 7 7 // J7
9 9 6 2 1 // J8
3 9 3 5 8 // J9
9 3 7 7 5 // J10
2 7 2 0 8 // J11
6 2 3 6 5 // J12
5 7 5 5 2 // J13
5 9 2 4 9 // J14
6 2 0 7 9 // J15
9 5 0 9 4 // J16
0 7 2 5 9 // J17
1 3 8 9 0 // J18
6 6 9 7 6 // J19
5 4 8 2 2 // J20
9 0 3 8 8 // J21
9 6 5 0 8 // J22
1 2 3 2 4 // J23
7 5 9 6 1 // J24
1 1 3 3 2 // J25
0 3 3 0 4 // J26
4 6 8 6 4 // J27
9 4 4 7 9 // J28
5 8 7 0 9 // J29
4 2 7 2 8 // J30
9 5 2 1 0 // J31
8 7 9 5 8 // J32
6 3 4 6 3 // J33
4 3 6 7 5 // J34
3 1 1 6 5 // J35
2 3 3 3 7 // J36
7 5 0 2 4 // J37
9 4 7 5 5 // J38
2 4 8 9 3 // J39
2 4 1 6 5 // J40
0 5 0 7 4 // J41
8 3 5 5 7 // J42
5 3 6 7 0 // J43
0 2 1 1 4 // J44
0 6 0 1 3 // J45
9 2 2 3 3 // J46
8 1 6 8 7 // J47
1 5 3 8 6 // J48
6 8 2 8 0 // J49
8 8 1 9 2 // J50

(1;34.4+1.1) (9;1.4+14.1) (17;14.4+37.1) (25;37.5) (33;37.1+32.4) (41;32.4+20.1) (49;20.4+3.1) (57;5.5) (65;5.3+6.2) (73;6.2+28.3) (81;28.5) (89;28.1+9.3+38.1) (97;38.5) (105;38.3+7.2) (113;7.5) (121;7.2+48.1+36.2) (129;8.5) (137;8.4+27.1) (145;27.3+31.2) (153;31.5) (161;31.2+23.1+29.2) (169;29.3+22.2) (177;22.5) (185;22.2+50.3) (193;50.5) (201;18.1+19.4) (209;19.2+33.3) (217;33.3+47.2) (225;47.5) (233;47.1+40.2+21.2) (241;21.5) (249;21.2+43.3) (257;43.2+24.3) (265;24.4+12.1) (273;12.5) (281;15.5) (289;15.1+25.1+39.2+49.1) (297;49.5) (305;4.5) (313;4.1+11.2+13.2) (321;13.3+10.2) (329;10.5) (337;10.2+42.3) (345;42.5) (353;35.3+16.2) (361;16.5) (369;16.2+30.3) (377;30.1+46.4) (385;46.5)
(2;17.7) (11;39.4+5.3) (20;5.6+32.1) (29;32.6+42.1) (38;42.2+14.5) (47;14.4+28.3) (56;28.1+37.5+49.1) (66;49.7) (75;15.2+6.5) (84;2.7) (93;2.1+11.6) (102;11.1+40.4+35.1+45.1) (111;45.5+50.2) (120;50.6+1.1) (130;1.7) (139;38.4+27.3) (148;27.3+25.1+33.3) (157;34.3+26.3+43.1) (166;43.2+9.5) (175;9.4+12.2+31.1) (184;31.4+23.2+20.1) (194;20.3+46.2+44.2) (203;29.7) (212;29.1+7.6) (221;18.3+4.4) (230;4.5+47.1+10.1) (239;10.2+24.5) (248;36.3+48.4) (258;48.1+3.6) (267;3.2+22.5) (276;22.1+13.6) (285;13.1+41.5+30.1) (294;30.1+16.5+8.1) (303;8.7) (312;8.1+19.6)
(4;4.3) (6;27.3) (8;27.3) (13;27.2+39.1) (15;39.3) (19;39.3) (22;39.1+14.2) (24;8.3) (27;8.3) (31;44.1+48.2) (35;48.1+28.2) (37;28.2+35.1) (40;31.2+33.1) (43;33.3) (51;38.3) (55;38.3) (59;38.1+2.2) (63;2.3) (70;2.1+34.2) (72;34.3) (79;34.1+22.2) (86;22.3) (88;13.3) (95;13.2+11.1) (101;11.1+47.2) (104;47.3) (109;47.1+25.2) (117;25.1+10.2) (119;10.3) (125;10.2+26.1) (132;26.2+23.1) (134;23.2+18.1) (141;18.3) (147;18.3) (150;18.1+29.2) (155;29.3) (163;29.2+36.1) (165;36.2+5.1) (171;5.3) (179;5.1+12.2) (181;12.1+30.2) (187;30.3) (191;30.2+46.1) (196;46.1+1.1+49.1) (200;49.1+21.2) (207;21.1+20.2) (211;20.3) (216;20.3) (223;50.1+17.2) (227;24.3) (232;24.3) (237;24.3) (243;32.3) (247;32.3) (252;32.3) (254;43.3) (259;43.3) (262;19.3) (264;19.3) (269;19.3) (272;7.3) (275;7.3) (279;7.3) (283;40.1+42.2) (286;42.3) (290;9.3)
(3;31.1+14.1) (5;14.2) (7;14.1+17.1) (10;17.2) (12;17.2) (14;10.2) (16;10.2) (18;10.2) (21;10.1+37.1) (23;37.1+12.1) (26;12.2) (28;12.2) (30;12.1+21.1) (32;21.2) (34;21.2) (36;21.2) (39;21.1+46.1) (42;46.2) (44;49.2) (46;49.2) (48;49.2) (50;49.2) (52;25.2) (54;25.1+33.1) (58;33.2) (60;33.2) (62;33.1+40.1) (64;40.2) (67;40.2) (69;40.1+35.1) (71;35.2) (74;35.2) (76;35.1+41.1) (78;41.2) (80;41.2) (82;41.2) (85;3.1+8.1) (87;8.1+20.1) (90;20.1+4.1) (92;4.2) (94;4.2) (96;4.2) (98;4.1+28.1) (100;28.2) (103;28.2) (106;28.2) (108;19.2) (110;19.2) (112;19.2) (114;19.1+15.1) (116;15.2) (118;15.2) (122;15.2) (124;42.2) (126;42.2) (128;42.1+45.1) (131;43.2) (133;43.2) (135;43.2) (138;43.1+34.1) (140;34.2) (142;34.2) (144;34.2) (146;27.2) (149;27.2) (151;27.2) (154;36.2) (156;36.1+6.1) (158;23.2) (160;9.2) (162;9.2) (164;9.1+13.1) (167;13.2) (170;13.2) (172;38.2) (174;38.2) (176;38.1+16.1) (178;16.2) (180;16.2) (182;16.2) (186;16.2) (188;44.1+50.1) (190;50.2) (192;50.2) (195;50.2) (197;50.2) (199;24.2) (202;24.2) (204;24.2) (206;30.2) (208;48.2) (210;48.2) (213;48.2) (215;48.2) (218;47.2) (220;47.2) (222;47.2) (224;47.2) (226;2.2) (228;2.2) (231;2.2) (234;2.1+32.1) (236;32.2) (238;32.2) (240;7.2) (242;7.2) (244;7.2) (246;7.1+18.1) (250;18.2) (253;18.2) (255;18.2) (260;18.2) (263;5.2) (266;5.2) (270;5.2) (274;5.2) (277;39.2) (280;39.2) (284;39.2) (287;39.2) (291;39.1)
(45;40.5+36.2) (53;36.5+12.2) (61;12.3+42.4) (68;42.3+32.4) (77;32.4+35.3) (83;35.2+19.5) (91;19.1+48.6) (99;27.4+1.3) (107;1.6+6.1) (115;45.3+41.4) (123;29.7) (127;29.2+25.2+34.3) (136;34.2+13.2+20.2+5.1) (143;5.3+50.2+39.2) (152;39.1+24.1+4.2+46.3) (159;38.5+26.2) (168;26.2+2.2+9.3) (173;9.5+21.2) (183;21.6+30.1) (189;30.7) (198;11.7) (205;11.1+8.1+47.5) (214;47.2+17.5) (219;17.4+16.3) (229;16.1+23.4+37.2) (235;37.2+28.5) (245;28.4+10.3) (251;10.2+14.5) (256;14.4+33.3) (261;44.4+3.3) (268;3.6+7.1) (271;7.6+15.1) (278;15.7) (282;15.1+22.6) (288;22.2)
