1 // s
5 // m
10 // n

// p, q, a
5 9 0 // M1
6 2 0 // M2
1 2 0 // M3
8 4 0 // M4
9 6 0 // M5

// M1 M2 M3 M4 M5 M6
3 6 9 0 1 // J1
3 2 6 3 1 // J2
8 2 9 8 6 // J3
7 4 9 1 7 // J4
8 0 2 9 2 // J5
5 7 8 1 7 // J6
6 2 8 5 4 // J7
3 1 2 2 1 // J8
4 2 2 1 2 // J9
2 0 7 5 2 // J10

(5;6.5+7.4) (15;7.2+8.3+5.4) (24;5.4+4.5) (35;4.2+1.3+3.4) (45;3.4+10.2+2.3) (54;9.4)
(1;4.2) (7;4.2) (13;6.2) (19;6.2) (25;6.2) (31;6.1+7.1) (37;7.1+9.1) (43;9.1+1.1) (49;1.2) (55;1.2) (61;1.1+8.1) (67;2.2) (73;3.2)
(4;3.2) (6;3.2) (8;3.2) (9;3.2) (11;3.1+6.1) (14;6.2) (16;6.2) (17;6.2) (20;6.1+7.1) (22;7.2) (23;7.2) (27;7.2) (28;7.1+4.1) (29;4.2) (32;4.2) (33;4.2) (36;4.2) (38;5.2) (40;1.2) (41;1.2) (44;1.2) (46;1.2) (47;1.1+9.1) (51;9.1+2.1) (52;2.2) (53;2.2) (56;2.1+10.1) (57;10.2) (59;10.2) (60;10.2) (62;8.2)
(2;6.1+9.1+8.2) (10;5.4) (18;5.4) (26;5.1+10.3) (34;10.2+2.2) (42;2.1+3.3) (50;3.4) (58;3.1+7.3) (66;7.2+4.1)
(3;1.1+4.5) (12;4.2+2.1+9.2+10.1) (21;10.1+5.2+3.3) (30;3.3+8.1+6.2) (39;6.5+7.1) (48;7.3)
