1 // s
4 // m
100 // n

// p, q, a
9 4 0 // M1
1 7 0 // M2
7 2 0 // M3
7 4 0 // M4

// M1 M2 M3 M4 M5
3 4 7 2 // J1
8 7 5 4 // J2
4 6 7 3 // J3
0 8 5 8 // J4
6 4 2 0 // J5
2 6 2 1 // J6
3 0 9 8 // J7
1 0 4 5 // J8
4 4 4 8 // J9
3 0 4 4 // J10
0 0 7 8 // J11
7 3 7 0 // J12
7 1 9 2 // J13
7 7 0 7 // J14
2 5 9 8 // J15
8 6 2 3 // J16
2 1 9 6 // J17
3 6 4 6 // J18
9 8 0 2 // J19
8 4 4 0 // J20
2 8 0 0 // J21
0 1 7 7 // J22
3 7 6 8 // J23
1 6 5 3 // J24
7 3 5 5 // J25
3 1 7 1 // J26
6 3 2 9 // J27
7 8 8 8 // J28
1 9 6 9 // J29
6 2 3 0 // J30
3 2 2 5 // J31
9 6 4 3 // J32
2 6 4 4 // J33
8 8 6 0 // J34
1 9 4 6 // J35
9 8 9 4 // J36
8 8 7 2 // J37
0 6 7 4 // J38
0 5 1 1 // J39
9 1 1 9 // J40
9 9 7 0 // J41
3 4 0 2 // J42
2 5 7 6 // J43
7 7 1 5 // J44
2 8 7 1 // J45
9 2 2 5 // J46
9 9 4 2 // J47
7 5 0 0 // J48
7 4 7 9 // J49
0 9 0 4 // J50
8 5 9 4 // J51
8 0 6 3 // J52
4 5 8 0 // J53
3 0 0 6 // J54
7 1 1 3 // J55
9 7 4 7 // J56
5 7 9 3 // J57
9 1 5 3 // J58
7 2 3 3 // J59
2 7 7 9 // J60
3 1 8 1 // J61
6 0 6 6 // J62
4 0 2 8 // J63
8 6 5 0 // J64
0 1 9 1 // J65
0 3 3 2 // J66
0 4 3 1 // J67
7 6 3 9 // J68
4 1 0 8 // J69
9 2 0 4 // J70
0 3 9 9 // J71
9 6 5 0 // J72
7 2 3 0 // J73
8 5 8 9 // J74
7 5 1 2 // J75
7 5 8 7 // J76
6 3 4 6 // J77
5 6 0 7 // J78
1 4 1 6 // J79
4 4 3 3 // J80
9 2 4 5 // J81
3 2 0 8 // J82
2 1 1 4 // J83
1 8 7 5 // J84
4 1 2 5 // J85
1 9 5 0 // J86
1 5 9 3 // J87
4 1 4 3 // J88
1 7 3 4 // J89
0 3 3 3 // J90
2 6 3 4 // J91
5 6 6 2 // J92
6 6 2 2 // J93
2 8 2 9 // J94
7 4 3 7 // J95
2 7 3 1 // J96
7 8 3 3 // J97
5 2 4 1 // J98
8 8 3 4 // J99
5 0 4 5 // J100

(2;1.3+2.1) (11;2.4) (20;2.3+3.1) (30;3.3+5.1) (39;5.4) (48;5.1+6.2+7.1) (58;7.2+8.1+9.1) (67;9.3+10.1) (76;10.2+12.2) (86;12.4) (95;12.1+13.3) (104;13.4) (114;14.4) (123;14.3+15.1) (132;15.1+16.3) (142;16.4) (151;16.1+17.2+18.1) (160;18.2+19.2) (170;19.4) (179;19.3+20.1) (188;20.4) (198;20.3+21.1) (207;21.1+23.3) (216;24.1+25.3) (226;25.4) (235;26.3+27.1) (244;27.4) (254;27.1+28.3) (263;28.4) (272;29.1+30.3) (282;30.3+31.1) (291;31.2+32.2) (300;32.4) (310;32.3+33.1) (319;33.1+34.3) (328;34.4) (338;34.1+35.1+36.2) (347;36.4) (356;36.3+37.1) (366;37.4) (375;37.3+40.1) (384;40.4) (394;40.4) (403;41.4) (412;41.4) (422;41.1+42.3) (431;43.2+44.2) (440;44.4) (450;44.1+45.2+46.1) (459;46.4) (468;46.4) (478;47.4) (487;47.4) (496;47.1+48.3) (506;48.4) (515;49.4) (524;49.3+51.1) (534;51.4) (543;51.3+52.1) (552;52.4) (562;52.3+53.1) (571;53.3+54.1) (580;54.2+55.2) (590;55.4) (599;55.1+56.3) (608;56.4) (618;56.2+57.2) (627;57.3+58.1) (636;58.4) (646;58.4) (655;59.4) (664;59.3+60.1) (674;60.1+61.3) (683;62.4) (692;62.2+63.2) (702;63.2+64.2) (711;64.4) (720;64.2+68.2) (730;68.4) (739;68.1+69.3) (748;69.1+70.3) (758;70.4) (767;70.2+72.2) (776;72.4) (786;72.3+73.1) (795;73.4) (804;73.2+74.2) (814;74.4) (823;74.2+75.2) (832;75.4) (842;75.1+76.3) (851;76.4) (860;77.4) (870;77.2+78.2) (879;78.3+79.1) (888;80.4) (898;81.4) (907;81.4) (916;81.1+82.3) (926;83.2+84.1+85.1) (935;85.3+86.1) (944;87.1+88.3) (954;88.1+89.1+91.2) (963;92.4) (972;92.1+93.3) (982;93.3+94.1) (991;94.1+95.3) (1000;95.4) (1010;96.2+97.2) (1019;97.4) (1028;97.1+98.3) (1038;98.2+99.2) (1047;99.4) (1056;99.2+100.2) (1066;100.3)
(4;1.4+2.3) (5;2.4+3.3) (6;3.3+4.4) (7;4.4+5.3) (9;5.1+6.6) (12;9.4+12.3) (13;13.1+14.6) (14;14.1+15.5+16.1) (16;16.5+17.1+18.1) (18;18.5+19.2) (19;19.6+20.1) (21;20.3+21.4) (23;21.4+22.1+23.2) (25;23.5+24.2) (26;24.4+25.3) (27;26.1+27.3+28.3) (28;28.5+29.2) (32;29.7) (33;30.2+31.2+32.3) (34;32.3+33.4) (35;33.2+34.5) (37;34.3+35.4) (40;35.5+36.2) (41;36.6+37.1) (42;37.7) (44;38.6+39.1) (46;39.4+40.1+41.2) (47;41.7) (49;42.4+43.3) (51;43.2+44.5) (53;44.2+45.5) (54;45.3+46.2+47.2) (55;47.7) (56;48.5+49.2) (60;49.2+50.5) (61;50.4+51.3) (62;51.2+53.5) (63;55.1+56.6) (65;56.1+57.6) (68;57.1+58.1+59.2+60.3) (69;60.4+61.1+64.2) (70;64.4+65.1+66.2) (72;66.1+67.4+68.2) (74;68.4+69.1+70.2) (75;71.3+72.4) (77;72.2+73.2+74.3) (79;74.2+75.5) (81;76.5+77.2) (82;77.1+78.6) (83;79.4+80.3) (84;80.1+81.2+82.2+83.1+84.1) (88;84.7) (89;85.1+86.6) (90;86.3+87.4) (91;87.1+88.1+89.5) (93;89.2+90.3+91.2) (96;91.4+92.3) (97;92.3+93.4) (98;93.2+94.5) (100;94.3+95.4) (102;96.7) (103;97.7) (105;97.1+98.2+99.4) (107;99.4)
(1;1.2) (8;1.2) (15;1.2) (22;1.1+2.1) (29;2.2) (36;2.2) (43;3.2) (50;3.2) (57;3.2) (64;3.1+4.1) (71;4.2) (78;4.2) (85;5.2) (92;6.2) (99;7.2) (106;7.2) (113;7.2) (120;7.2) (127;7.1+8.1) (134;8.2) (141;8.1+9.1) (148;9.2) (155;9.1+10.1) (162;10.2) (169;10.1+11.1) (176;11.2) (183;11.2) (190;11.2) (197;12.2) (204;12.2) (211;12.2) (218;12.1+13.1) (225;13.2) (232;13.2) (239;13.2) (246;13.2) (253;15.2) (260;15.2) (267;15.2) (274;15.2) (281;15.1+16.1) (288;16.1+17.1) (295;17.2) (302;17.2) (309;17.2) (316;17.2) (323;18.2) (330;18.2) (337;20.2) (344;20.2) (351;22.2) (358;22.2) (365;22.2) (372;22.1+23.1) (379;23.2) (386;23.2) (393;23.1+24.1) (400;24.2) (407;24.2) (414;25.2) (421;25.2) (428;25.1+26.1) (435;26.2) (442;26.2) (449;26.2) (456;27.2) (463;28.2) (470;28.2) (477;28.2) (484;28.2) (491;29.2) (498;29.2) (505;29.2) (512;30.2) (519;30.1+31.1) (526;31.1+32.1) (533;32.2) (540;32.1+33.1) (547;33.2) (554;33.1+34.1) (561;34.2) (568;34.2) (575;34.1+35.1) (582;35.2) (589;35.1+36.1) (596;36.2) (603;36.2) (610;36.2) (617;36.2) (624;37.2) (631;37.2) (638;37.2) (645;37.1+38.1) (652;38.2) (659;38.2) (666;38.2) (673;39.1+40.1) (680;41.2) (687;41.2) (694;41.2) (701;41.1+43.1) (708;43.2) (715;43.2) (722;43.2) (729;44.1+45.1) (736;45.2) (743;45.2) (750;45.2) (757;46.2) (764;47.2) (771;47.2) (778;49.2) (785;49.2) (792;49.2) (799;49.1+51.1) (806;51.2) (813;51.2) (820;51.2) (827;51.2) (834;52.2) (841;52.2) (848;52.2) (855;53.2) (862;53.2) (869;53.2) (876;53.2) (883;55.1+56.1) (890;56.2) (897;56.1+57.1) (904;57.2) (911;57.2) (918;57.2) (925;57.2) (932;58.2) (939;58.2) (946;58.1+59.1) (953;59.2) (960;60.2) (967;60.2) (974;60.2) (981;60.1+61.1) (988;61.2) (995;61.2) (1002;61.2) (1009;61.1+62.1) (1016;62.2) (1023;62.2) (1030;62.1+63.1) (1037;63.1+64.1) (1044;64.2) (1051;64.2) (1058;65.2) (1065;65.2) (1072;65.2) (1079;65.2) (1086;65.1+66.1) (1093;66.2) (1100;67.2) (1107;67.1+68.1) (1114;68.2) (1121;71.2) (1128;71.2) (1135;71.2) (1142;71.2) (1149;71.1+72.1) (1156;72.2) (1163;72.2) (1170;73.2) (1177;73.1+74.1) (1184;74.2) (1191;74.2) (1198;74.2) (1205;74.1+75.1) (1212;76.2) (1219;76.2) (1226;76.2) (1233;76.2) (1240;77.2) (1247;77.2) (1254;79.1+80.1) (1261;80.2) (1268;81.2) (1275;81.2) (1282;83.1+84.1) (1289;84.2) (1296;84.2) (1303;84.2) (1310;85.2) (1317;86.2) (1324;86.2) (1331;86.1+87.1) (1338;87.2) (1345;87.2) (1352;87.2) (1359;87.2) (1366;88.2) (1373;88.2) (1380;89.2) (1387;89.1+90.1) (1394;90.2) (1401;91.2) (1408;91.1+92.1) (1415;92.2) (1422;92.2) (1429;92.1+93.1) (1436;93.1+94.1) (1443;94.1+95.1) (1450;95.2) (1457;96.2) (1464;96.1+97.1) (1471;97.2) (1478;98.2) (1485;98.2) (1492;99.2) (1499;99.1+100.1) (1506;100.2) (1513;100.1)
(3;1.2+2.2) (10;2.2+3.2) (17;3.1+4.3) (24;4.4) (31;4.1+6.1+7.2) (38;7.4) (45;7.2+8.2) (52;8.3+9.1) (59;9.4) (66;9.3+10.1) (73;10.3+11.1) (80;11.4) (87;11.3+13.1) (94;13.1+14.3) (101;14.4) (108;15.4) (115;15.4) (122;16.3+17.1) (129;17.4) (136;17.1+18.3) (143;18.3+19.1) (150;19.1+22.3) (157;22.4) (164;23.4) (171;23.4) (178;24.3+25.1) (185;25.4) (192;26.1+27.3) (199;27.4) (206;27.2+28.2) (213;28.4) (220;28.2+29.2) (227;29.4) (234;29.3+31.1) (241;31.4) (248;32.3+33.1) (255;33.3+35.1) (262;35.4) (269;35.1+36.3) (276;36.1+37.2+38.1) (283;38.3+39.1) (290;40.4) (297;40.4) (304;40.1+42.2+43.1) (311;43.4) (318;43.1+44.3) (325;44.2+45.1+46.1) (332;46.4) (339;47.2+49.2) (346;49.4) (353;49.3+50.1) (360;50.3+51.1) (367;51.3+52.1) (374;52.2+54.2) (381;54.4) (388;55.3+56.1) (395;56.4) (402;56.2+57.2) (409;57.1+58.3) (416;59.3+60.1) (423;60.4) (430;60.4) (437;61.1+62.3) (444;62.3+63.1) (451;63.4) (458;63.3+65.1) (465;66.2+67.1+68.1) (472;68.4) (479;68.4) (486;69.4) (493;69.4) (500;70.4) (507;71.4) (514;71.4) (521;71.1+74.3) (528;74.4) (535;74.2+75.2) (542;76.4) (549;76.3+77.1) (556;77.4) (563;77.1+78.3) (570;78.4) (577;79.4) (584;79.2+80.2) (591;80.1+81.3) (598;81.2+82.2) (605;82.4) (612;82.2+83.2) (619;83.2+84.2) (626;84.3+85.1) (633;85.4) (640;87.3+88.1) (647;88.2+89.2) (654;89.2+90.2) (661;90.1+91.3) (668;91.1+92.2+93.1) (675;93.1+94.3) (682;94.4) (689;94.2+95.2) (696;95.4) (703;95.1+96.1+97.2) (710;97.1+98.1+99.2) (717;99.2+100.2) (724;100.3)
