1 // s
4 // m
30 // n

// p, q, a
5 3 0 // M1
8 8 0 // M2
8 2 0 // M3
2 5 0 // M4

// M1 M2 M3 M4 M5
9 7 9 4 // J1
6 0 6 4 // J2
5 8 3 8 // J3
4 1 7 8 // J4
7 3 3 9 // J5
8 5 6 9 // J6
4 4 3 5 // J7
2 7 6 5 // J8
1 2 1 8 // J9
0 2 6 0 // J10
3 6 3 2 // J11
3 8 4 3 // J12
4 9 0 4 // J13
7 2 6 3 // J14
0 9 9 1 // J15
7 1 2 7 // J16
2 8 7 2 // J17
9 8 8 5 // J18
7 3 6 1 // J19
2 3 5 6 // J20
0 9 0 2 // J21
7 1 7 9 // J22
5 7 7 0 // J23
2 4 2 2 // J24
4 5 0 5 // J25
1 1 3 6 // J26
1 5 7 4 // J27
5 4 0 7 // J28
3 3 1 7 // J29
0 9 0 0 // J30

(2;24.2+4.1) (7;4.3) (12;25.3) (18;25.1+6.2) (23;6.3) (28;6.3) (34;16.3) (39;16.3) (44;16.1+22.2) (50;22.3) (55;22.2+5.1) (60;5.3) (66;5.3) (71;27.1+12.2) (76;12.1+8.2) (82;11.3) (87;29.3) (92;13.3) (98;13.1+9.1+17.1) (103;17.1+20.2) (108;1.3) (114;1.3) (119;1.3) (124;2.3) (130;2.3) (135;28.3) (140;28.2+7.1) (146;7.3) (151;14.3) (156;14.3) (162;14.1+19.2) (167;19.3) (172;19.2+23.1) (178;23.3) (183;23.1+18.2) (188;18.3) (194;18.3) (199;18.1+26.1+3.1) (204;3.3) (210;3.1)
(3;23.7+19.1) (11;19.2+28.4+27.2) (19;27.3+30.5) (27;30.4+18.4) (35;18.4+1.4) (43;1.3+26.1+7.4) (51;20.3+6.5) (59;4.1+5.3+16.1+8.3) (67;8.4+11.4) (75;11.2+22.1+12.5) (83;12.3+24.4+14.1) (91;14.1+15.7) (99;15.2+17.6) (107;17.2+29.3+9.2+21.1) (115;21.8) (123;3.8) (131;10.2+25.5+13.1) (139;13.8)
(1;17.2) (9;17.2) (17;17.2) (25;17.1+3.1) (33;3.2) (41;12.2) (49;12.2) (57;27.2) (65;27.2) (73;27.2) (81;27.1+18.1) (89;18.2) (97;18.2) (105;18.2) (113;18.1+15.1) (121;15.2) (129;15.2) (137;15.2) (145;15.2) (153;1.2) (161;1.2) (169;1.2) (177;1.2) (185;1.1+20.1) (193;20.2) (201;20.2) (209;26.2) (217;26.1+9.1) (225;24.2) (233;11.2) (241;11.1+5.1) (249;5.2) (257;23.2) (265;23.2) (273;23.2) (281;23.1+7.1) (289;7.2) (297;8.2) (305;8.2) (313;8.2) (321;2.2) (329;2.2) (337;2.2) (345;4.2) (353;4.2) (361;4.2) (369;4.1+22.1) (377;22.2) (385;22.2) (393;22.2) (401;16.2) (409;29.1+6.1) (417;6.2) (425;6.2) (433;6.1+14.1) (441;14.2) (449;14.2) (457;14.1+19.1) (465;19.2) (473;19.2) (481;19.1+10.1) (489;10.2) (497;10.2) (505;10.1)
(4;5.5) (6;5.4+19.1) (8;11.2+15.1+3.2) (10;3.5) (13;3.1+7.4) (15;7.1+2.4) (20;28.5) (22;28.2+29.3) (24;29.4+24.1) (26;24.1+13.4) (29;21.2+25.3) (31;25.2+17.2+1.1) (36;1.3+16.2) (38;16.5) (40;6.5) (42;6.4+20.1) (45;20.5) (47;9.5) (52;9.3+12.2) (54;12.1+18.4) (56;18.1+14.3+4.1) (58;4.5) (61;4.2+26.3) (63;26.3+8.2) (68;8.3+27.2) (70;27.2+22.3) (72;22.5) (74;22.1)
