1 // s
4 // m
30 // n

// p, q, a
9 4 0 // M1
6 2 0 // M2
4 2 0 // M3
3 6 0 // M4

// M1 M2 M3 M4 M5
1 1 6 0 // J1
5 6 5 8 // J2
2 6 9 0 // J3
1 0 9 6 // J4
1 4 4 3 // J5
7 0 9 0 // J6
5 1 6 6 // J7
2 4 1 9 // J8
8 4 1 5 // J9
5 9 8 7 // J10
0 9 0 6 // J11
7 3 4 8 // J12
3 9 8 9 // J13
6 9 9 1 // J14
2 6 5 4 // J15
0 8 5 7 // J16
4 9 2 7 // J17
9 4 0 2 // J18
5 6 3 7 // J19
9 2 2 1 // J20
6 8 2 3 // J21
5 1 3 9 // J22
5 9 2 9 // J23
4 4 7 1 // J24
3 2 2 8 // J25
0 7 8 9 // J26
8 6 3 9 // J27
5 1 1 9 // J28
4 3 7 2 // J29
5 2 2 2 // J30

(2;1.1+2.3) (11;2.2+3.2) (20;4.1+5.1+6.2) (29;6.4) (38;6.1+7.3) (47;7.2+8.2) (56;9.4) (65;9.4) (74;10.4) (83;10.1+12.3) (92;12.4) (101;13.3+14.1) (110;14.4) (119;14.1+15.2+17.1) (128;17.3+18.1) (137;18.4) (146;18.4) (155;19.4) (164;19.1+20.3) (173;20.4) (183;20.2+21.2) (192;21.4) (201;22.4) (210;22.1+23.3) (219;23.2+24.2) (230;24.2+25.2) (239;25.1+27.3) (248;27.4) (257;27.1+28.3) (267;28.2+29.2) (276;29.2+30.2) (285;30.3)
(1;1.1+2.1) (7;2.2) (13;2.2) (19;2.1+3.1) (25;3.2) (31;3.2) (37;3.1+5.1) (43;5.2) (49;5.1+7.1) (55;8.2) (61;8.2) (67;9.2) (73;9.2) (79;10.2) (85;10.2) (91;10.2) (97;10.2) (103;10.1+11.1) (109;11.2) (115;11.2) (121;11.2) (127;11.2) (133;12.2) (139;12.1+13.1) (145;13.2) (151;13.2) (157;13.2) (163;13.2) (169;14.2) (175;14.2) (181;14.2) (187;14.2) (193;14.1+15.1) (199;15.2) (205;15.2) (211;15.1+16.1) (217;16.2) (223;16.2) (229;16.2) (235;16.1+17.1) (241;17.2) (247;17.2) (253;17.2) (259;17.2) (265;18.2) (271;18.2) (277;19.2) (283;19.2) (289;19.2) (295;20.2) (301;21.2) (307;21.2) (313;21.2) (319;21.2) (325;22.1+23.1) (331;23.2) (337;23.2) (343;23.2) (349;23.2) (355;24.2) (361;24.2) (367;25.2) (373;26.2) (379;26.2) (385;26.2) (391;26.1+27.1) (397;27.2) (403;27.2) (409;27.1+28.1) (415;29.2) (421;29.1+30.1) (427;30.1)
(3;1.2) (8;1.2) (12;1.2) (16;2.2) (21;2.2) (26;2.1+3.1) (30;3.2) (34;3.2) (39;3.2) (44;3.2) (48;4.2) (52;4.2) (57;4.2) (62;4.2) (66;4.1+5.1) (70;5.2) (75;5.1+6.1) (80;6.2) (84;6.2) (88;6.2) (93;6.2) (98;7.2) (102;7.2) (106;7.2) (111;8.1+9.1) (116;10.2) (120;10.2) (124;10.2) (129;10.2) (134;12.2) (138;12.2) (142;13.2) (147;13.2) (152;13.2) (156;13.2) (160;14.2) (165;14.2) (170;14.2) (174;14.2) (178;14.1+15.1) (182;15.2) (186;15.2) (190;16.2) (194;16.2) (198;16.1+17.1) (202;17.1+19.1) (206;19.2) (212;20.2) (216;21.2) (220;22.2) (224;22.1+23.1) (228;23.1+24.1) (232;24.2) (236;24.2) (240;24.2) (244;25.2) (249;26.2) (254;26.2) (258;26.2) (262;26.2) (266;27.2) (270;27.1+28.1) (274;29.2) (278;29.2) (282;29.2) (286;29.1+30.1) (290;30.1)
(4;2.6) (9;2.2+4.4) (14;4.2+5.3+7.1) (17;7.5+8.1) (22;8.6) (27;8.2+9.4) (32;9.1+10.5) (35;10.2+11.4) (40;11.2+12.4) (45;12.4+13.2) (50;13.6) (53;13.1+14.1+15.4) (58;16.6) (63;16.1+17.5) (68;17.2+18.2+19.2) (71;19.5+20.1) (76;21.3+22.3) (81;22.6) (86;23.6) (89;23.3+24.1+25.2) (94;25.6) (99;26.6) (104;26.3+27.3) (107;27.6) (112;28.6) (117;28.3+29.2+30.1) (122;30.1)
